 0.403 1 0.001
 0.348 1 0.002
 0.357 1 0.003
 0.36 1 0.004
 0.429 1 0.005
 0.36 1 0.006
 0.543 1 0.007
 0.455 1 0.008
 0.39 1 0.009
 0.359 1 0.01
 0.341 1 0.011
 0.34 1 0.012
 0.45 1 0.013
 0.428 1 0.014
 0.337 1 0.015
 0.348 1 0.016
 0.329 1 0.017
 0.405 1 0.018
 0.32 1 0.019
 0.46 1 0.02
 0.361 1 0.021
 0.475 1 0.022
 0.44 1 0.023
 0.384 1 0.024
 0.459 1 0.025
 0.394 1 0.026
 0.368 1 0.027
 0.494 1 0.028
 0.443 1 0.029
 0.356 1 0.03
 0.437 1 0.031
 0.386 1 0.032
 0.328 1 0.033
 0.411 1 0.034
 0.41 1 0.035
 0.372 1 0.036
 0.347 1 0.037
 0.431 1 0.038
 0.391 1 0.039
 0.4 1 0.04
 0.427 1 0.041
 0.38 1 0.042
 0.433 1 0.043
 0.356 1 0.044
 0.302 1 0.045
 0.377 1 0.046
 0.339 1 0.047
 0.337 1 0.048
 0.445 1 0.049
 0.336 2 0.05
 0.335 2 0.051
 0.459 2 0.052
 0.441 2 0.053
 0.564 2 0.054
 0.433 2 0.055
 0.434 2 0.056
 0.334 2 0.057
 0.437 2 0.058
 0.375 2 0.059
 0.414 2 0.06
 0.439 2 0.061
 0.436 2 0.062
 0.414 2 0.063
 0.445 2 0.064
 0.352 2 0.065
 1.747 2 0.066
 0.286 2 0.067
 0.314 2 0.068
 0.321 2 0.069
 0.324 2 0.07
 0.322 2 0.071
 0.333 2 0.072
 0.325 2 0.073
 0.317 2 0.074
 0.405 2 0.075
 0.444 2 0.076
 0.335 2 0.077
 0.4 2 0.078
 0.425 2 0.079
 0.334 2 0.08
 0.441 2 0.081
 0.42 2 0.082
 0.575 2 0.083
 0.433 2 0.084
 0.339 2 0.085
 0.334 2 0.086
 0.434 2 0.087
 0.434 2 0.088
 0.39 2 0.089
 0.414 2 0.09
 0.42 2 0.091
 0.34 2 0.092
 0.311 2 0.093
 0.43 2 0.094
 0.34 2 0.095
 0.439 2 0.096
 0.331 2 0.097
 0.365 2 0.098
 0.35 2 0.099
 0.475 3 0.1
 0.375 3 0.101
 0.318 3 0.102
 0.359 3 0.103
 0.412 3 0.104
 0.43 3 0.105
 0.721 3 0.106
 0.539 3 0.107
 0.339 3 0.108
 0.403 3 0.109
 0.366 3 0.11
 0.341 3 0.111
 0.408 3 0.112
 0.345 3 0.113
 0.36 3 0.114
 0.374 3 0.115
 0.427 3 0.116
 0.348 3 0.117
 0.428 3 0.118
 0.43 3 0.119
 0.364 3 0.12
 0.482 3 0.121
 0.535 3 0.122
 0.348 3 0.123
 0.347 3 0.124
 0.607 3 0.125
 0.346 3 0.126
 0.579 3 0.127
 0.357 3 0.128
 0.567 3 0.129
 0.428 3 0.13
 0.42 3 0.131
 0.521 3 0.132
 0.45 3 0.133
 0.435 3 0.134
 0.343 3 0.135
 0.421 3 0.136
 0.424 3 0.137
 0.344 3 0.138
 0.445 3 0.139
 0.423 3 0.14
 0.361 3 0.141
 0.431 3 0.142
 0.365 3 0.143
 0.358 3 0.144
 0.365 3 0.145
 0.428 3 0.146
 0.341 3 0.147
 0.423 3 0.148
 0.377 3 0.149
 0.768 4 0.15
 0.679 4 0.151
 0.535 4 0.152
 0.889 4 0.153
 0.641 4 0.154
 0.551 4 0.155
 0.574 4 0.156
 0.613 4 0.157
 0.536 4 0.158
 0.59 4 0.159
 0.486 4 0.16
 0.543 4 0.161
 0.575 4 0.162
 0.541 4 0.163
 0.581 4 0.164
 0.537 4 0.165
 0.644 4 0.166
 0.538 4 0.167
 0.554 4 0.168
 0.558 4 0.169
 0.557 4 0.17
 0.582 4 0.171
 0.57 4 0.172
 0.549 4 0.173
 0.529 4 0.174
 0.568 4 0.175
 0.551 4 0.176
 0.789 4 0.177
 0.557 4 0.178
 0.565 4 0.179
 0.607 4 0.18
 0.562 4 0.181
 0.567 4 0.182
 0.551 4 0.183
 0.55 4 0.184
 0.71 4 0.185
 1.148 4 0.186
 0.606 4 0.187
 0.603 4 0.188
 0.649 4 0.189
 0.566 4 0.19
 0.606 4 0.191
 0.809 4 0.192
 0.562 4 0.193
 0.779 4 0.194
 0.478 4 0.195
 0.606 4 0.196
 0.726 4 0.197
 0.662 4 0.198
 0.548 4 0.199
 0.805 5 0.2
 0.656 5 0.201
 0.66 5 0.202
 0.64 5 0.203
 0.667 5 0.204
 0.633 5 0.205
 0.659 5 0.206
 0.75 5 0.207
 0.635 5 0.208
 0.938 5 0.209
 0.618 5 0.21
 0.741 5 0.211
 0.81 5 0.212
 0.623 5 0.213
 0.676 5 0.214
 0.712 5 0.215
 0.956 5 0.216
 0.702 5 0.217
 0.649 5 0.218
 0.757 5 0.219
 0.71 5 0.22
 0.642 5 0.221
 0.717 5 0.222
 0.586 5 0.223
 0.841 5 0.224
 0.655 5 0.225
 0.749 5 0.226
 0.696 5 0.227
 0.613 5 0.228
 0.909 5 0.229
 0.663 5 0.23
 0.612 5 0.231
 0.695 5 0.232
 0.669 5 0.233
 0.707 5 0.234
 0.735 5 0.235
 0.661 5 0.236
 0.761 5 0.237
 0.742 5 0.238
 0.632 5 0.239
 0.64 5 0.24
 0.724 5 0.241
 0.633 5 0.242
 0.674 5 0.243
 0.649 5 0.244
 0.923 5 0.245
 0.637 5 0.246
 0.675 5 0.247
 0.748 5 0.248
 0.619 5 0.249
 2.205 6 0.25
 1.778 6 0.251
 2.071 6 0.252
 1.911 6 0.253
 2.007 6 0.254
 1.732 6 0.255
 2.229 6 0.256
 1.849 6 0.257
 1.921 6 0.258
 1.868 6 0.259
 1.942 6 0.26
 1.913 6 0.261
 1.901 6 0.262
 1.938 6 0.263
 1.9 6 0.264
 1.946 6 0.265
 1.959 6 0.266
 2.183 6 0.267
 1.934 6 0.268
 2.148 6 0.269
 1.927 6 0.27
 2.953 6 0.271
 1.938 6 0.272
 2.168 6 0.273
 1.918 6 0.274
 2.42 6 0.275
 1.866 6 0.276
 2.377 6 0.277
 1.88 6 0.278
 2.395 6 0.279
 1.896 6 0.28
 2.021 6 0.281
 2.509 6 0.282
 1.982 6 0.283
 1.783 6 0.284
 2.171 6 0.285
 2.224 6 0.286
 2.249 6 0.287
 1.894 6 0.288
 1.845 6 0.289
 1.972 6 0.29
 1.869 6 0.291
 1.799 6 0.292
 1.825 6 0.293
 1.703 6 0.294
 2.002 6 0.295
 1.86 6 0.296
 1.874 6 0.297
 1.745 6 0.298
 1.865 6 0.299
 2.391 7 0.3
 2.277 7 0.301
 2.318 7 0.302
 2.132 7 0.303
 2.213 7 0.304
 2.221 7 0.305
 2.528 7 0.306
 2.156 7 0.307
 2.186 7 0.308
 2.287 7 0.309
 2.323 7 0.31
 2.278 7 0.311
 2.313 7 0.312
 2.218 7 0.313
 2.211 7 0.314
 2.403 7 0.315
 2.246 7 0.316
 2.708 7 0.317
 2.804 7 0.318
 2.662 7 0.319
 2.656 7 0.32
 2.809 7 0.321
 2.733 7 0.322
 2.801 7 0.323
 2.616 7 0.324
 2.661 7 0.325
 2.535 7 0.326
 2.74 7 0.327
 2.916 7 0.328
 2.773 7 0.329
 2.792 7 0.33
 2.762 7 0.331
 2.874 7 0.332
 2.983 7 0.333
 2.769 7 0.334
 2.852 7 0.335
 2.701 7 0.336
 2.925 7 0.337
 3.324 7 0.338
 3.75 7 0.339
 3.152 7 0.34
 3.572 7 0.341
 2.986 7 0.342
 2.978 7 0.343
 3.236 7 0.344
 3.38 7 0.345
 3.049 7 0.346
 3.067 7 0.347
 2.863 7 0.348
 3.733 7 0.349
 4.58 8 0.35
 4.01 8 0.351
 4.414 8 0.352
 4.44 8 0.353
 4.79 8 0.354
 4.292 8 0.355
 4.261 8 0.356
 4.448 8 0.357
 3.366 8 0.358
 3.764 8 0.359
 3.924 8 0.36
 4.215 8 0.361
 4.378 8 0.362
 3.771 8 0.363
 4.157 8 0.364
 4.19 8 0.365
 4.206 8 0.366
 4.315 8 0.367
 4.006 8 0.368
 4.001 8 0.369
 3.709 8 0.37
 3.776 8 0.371
 3.545 8 0.372
 3.461 8 0.373
 3.612 8 0.374
 3.37 8 0.375
 3.4 8 0.376
 3.42 8 0.377
 3.574 8 0.378
 3.592 8 0.379
 3.714 8 0.38
 3.565 8 0.381
 3.512 8 0.382
 3.678 8 0.383
 3.911 8 0.384
 3.352 8 0.385
 4.015 8 0.386
 3.788 8 0.387
 3.651 8 0.388
 3.705 8 0.389
 3.51 8 0.39
 3.762 8 0.391
 2.821 8 0.392
 2.698 8 0.393
 2.718 8 0.394
 2.745 8 0.395
 2.561 8 0.396
 2.724 8 0.397
 2.967 8 0.398
 2.917 8 0.399
 3.118 9 0.4
 2.996 9 0.401
 3.17 9 0.402
 3.072 9 0.403
 3.088 9 0.404
 3.159 9 0.405
 3.142 9 0.406
 3.696 9 0.407
 3.71 9 0.408
 3.695 9 0.409
 3.668 9 0.41
 3.439 9 0.411
 3.663 9 0.412
 3.532 9 0.413
 3.436 9 0.414
 3.569 9 0.415
 3.449 9 0.416
 3.506 9 0.417
 3.57 9 0.418
 3.537 9 0.419
 3.449 9 0.42
 3.427 9 0.421
 3.561 9 0.422
 3.424 9 0.423
 3.517 9 0.424
 4.039 9 0.425
 3.536 9 0.426
 3.575 9 0.427
 3.56 9 0.428
 3.493 9 0.429
 3.636 9 0.43
 3.481 9 0.431
 3.631 9 0.432
 3.799 9 0.433
 3.499 9 0.434
 3.444 9 0.435
 3.668 9 0.436
 3.466 9 0.437
 3.426 9 0.438
 3.316 9 0.439
 3.719 9 0.44
 3.416 9 0.441
 3.4 9 0.442
 3.351 9 0.443
 3.233 9 0.444
 3.442 9 0.445
 3.404 9 0.446
 3.338 9 0.447
 3.656 9 0.448
 3.529 9 0.449
 4.048 10 0.45
 4.232 10 0.451
 3.523 10 0.452
 3.561 10 0.453
 3.456 10 0.454
 3.487 10 0.455
 3.824 10 0.456
 4.088 10 0.457
 3.5 10 0.458
 4.163 10 0.459
 3.984 10 0.46
 3.911 10 0.461
 4.088 10 0.462
 4.02 10 0.463
 3.81 10 0.464
 4.036 10 0.465
 3.995 10 0.466
 4.17 10 0.467
 4.32 10 0.468
 4.333 10 0.469
 4.447 10 0.47
 4.028 10 0.471
 3.967 10 0.472
 4.015 10 0.473
 4.504 10 0.474
 4.034 10 0.475
 3.805 10 0.476
 4.241 10 0.477
 4.737 10 0.478
 4.721 10 0.479
 3.911 10 0.48
 3.951 10 0.481
 4.041 10 0.482
 4.009 10 0.483
 3.956 10 0.484
 4.415 10 0.485
 5.81 10 0.486
 3.993 10 0.487
 4.515 10 0.488
 4.673 10 0.489
 4.452 10 0.49
 4.104 10 0.491
 4.248 10 0.492
 4.691 10 0.493
 3.825 10 0.494
 4.078 10 0.495
 4.272 10 0.496
 4.002 10 0.497
 4.125 10 0.498
 3.961 10 0.499
 5.768 11 0.5
 5.219 11 0.501
 5.685 11 0.502
 5.154 11 0.503
 5.727 11 0.504
 6.65 11 0.505
 5.568 11 0.506
 5.614 11 0.507
 5.635 11 0.508
 5.973 11 0.509
 5.609 11 0.51
 5.17 11 0.511
 5.64 11 0.512
 5.274 11 0.513
 5.392 11 0.514
 5.168 11 0.515
 4.814 11 0.516
 5.377 11 0.517
 5.205 11 0.518
 5.361 11 0.519
 5.63 11 0.52
 5.422 11 0.521
 5.254 11 0.522
 5.716 11 0.523
 11.352 11 0.524
 4.928 11 0.525
 5.094 11 0.526
 9.228 11 0.527
 5.476 11 0.528
 5.077 11 0.529
 5.425 11 0.53
 6.026 11 0.531
 10.391 11 0.532
 6.284 11 0.533
 5.418 11 0.534
 6.862 11 0.535
 5.462 11 0.536
 6.594 11 0.537
 6.768 11 0.538
 6.685 11 0.539
 6.957 11 0.54
 6.711 11 0.541
 10.748 11 0.542
 11.016 11 0.543
 7.062 11 0.544
 7.206 11 0.545
 9.171 11 0.546
 6.63 11 0.547
 10.701 11 0.548
 6.428 11 0.549
 7.386 12 0.55
 7.38 12 0.551
 7.393 12 0.552
 7.23 12 0.553
 7.56 12 0.554
 7.185 12 0.555
 7.221 12 0.556
 351.015 12 0.557
 5.829 12 0.558
 22.016 12 0.559
 5.896 12 0.56
 5.874 12 0.561
 5.848 12 0.562
 5.746 12 0.563
 5.665 12 0.564
 5.781 12 0.565
 5.76 12 0.566
 5.784 12 0.567
 5.719 12 0.568
 5.752 12 0.569
 5.636 12 0.57
 5.599 12 0.571
 5.723 12 0.572
 6.352 12 0.573
 5.775 12 0.574
 5.735 12 0.575
 5.872 12 0.576
 5.674 12 0.577
 6.173 12 0.578
 5.838 12 0.579
 5.687 12 0.58
 5.737 12 0.581
 5.731 12 0.582
 5.91 12 0.583
 6.192 12 0.584
 5.895 12 0.585
 5.832 12 0.586
 6.189 12 0.587
 6.368 12 0.588
 5.955 12 0.589
 5.874 12 0.59
 6.049 12 0.591
 5.788 12 0.592
 4.731 12 0.593
 5.214 12 0.594
 5.201 12 0.595
 5.468 12 0.596
 5.585 12 0.597
 17.63 12 0.598
 13.59 12 0.599
 0.493 13 0.6
 27.788 13 0.601
 18.293 13 0.602
 36.037 13 0.603
 35.976 13 0.604
 9.654 13 0.605
 8.182 13 0.606
 9.058 13 0.607
 10.92 13 0.608
 9.94 13 0.609
 13.568 13 0.61
 10.605 13 0.611
 10.096 13 0.612
 9.619 13 0.613
 14.086 13 0.614
 10.932 13 0.615
 8.244 13 0.616
 34.024 13 0.617
 7.906 13 0.618
 7.834 13 0.619
 7.653 13 0.62
 9.439 13 0.621
 9.496 13 0.622
 7.914 13 0.623
 8.109 13 0.624
 8.049 13 0.625
 7.846 13 0.626
 37.498 13 0.627
 8.045 13 0.628
 29.586 13 0.629
 7.904 13 0.63
 8.465 13 0.631
 9.345 13 0.632
 17.805 13 0.633
 9.249 13 0.634
 7.957 13 0.635
 7.932 13 0.636
 8.059 13 0.637
 30.771 13 0.638
 8.293 13 0.639
 8.083 13 0.64
 7.735 13 0.641
 8.313 13 0.642
 8.079 13 0.643
 7.871 13 0.644
 7.814 13 0.645
 7.928 13 0.646
 7.871 13 0.647
 17.403 13 0.648
 8.366 13 0.649
 9.621 14 0.65
 9.67 14 0.651
 9.204 14 0.652
 9.455 14 0.653
 9.218 14 0.654
 9.664 14 0.655
 9.269 14 0.656
 9.233 14 0.657
 10.843 14 0.658
 10.73 14 0.659
 11.898 14 0.66
 11.77 14 0.661
 10.14 14 0.662
 9.404 14 0.663
 9.303 14 0.664
 9.725 14 0.665
 9.792 14 0.666
 10.607 14 0.667
 10.307 14 0.668
 9.803 14 0.669
 9.669 14 0.67
 9.533 14 0.671
 9.612 14 0.672
 9.561 14 0.673
 9.294 14 0.674
 9.466 14 0.675
 9.345 14 0.676
 9.592 14 0.677
 9.612 14 0.678
 9.332 14 0.679
 9.193 14 0.68
 9.187 14 0.681
 9.323 14 0.682
 9.584 14 0.683
 9.291 14 0.684
 9.503 14 0.685
 9.372 14 0.686
 9.266 14 0.687
 9.534 14 0.688
 9.42 14 0.689
 9.424 14 0.69
 9.548 14 0.691
 9.35 14 0.692
 9.373 14 0.693
 9.416 14 0.694
 9.497 14 0.695
 9.361 14 0.696
 9.243 14 0.697
 9.41 14 0.698
 9.338 14 0.699
 11.469 15 0.7
 11.3 15 0.701
 13.088 15 0.702
 11.788 15 0.703
 11.627 15 0.704
 11.148 15 0.705
 10.965 15 0.706
 11.187 15 0.707
 10.986 15 0.708
 12.983 15 0.709
 11.322 15 0.71
 13.707 15 0.711
 11.357 15 0.712
 11.243 15 0.713
 11.268 15 0.714
 40.079 15 0.715
 29.794 15 0.716
 11.507 15 0.717
 11.648 15 0.718
 11.094 15 0.719
 11.075 15 0.72
 17.194 15 0.721
 43.83 15 0.722
 16.702 15 0.723
 11.201 15 0.724
 11.289 15 0.725
 11.797 15 0.726
 11.658 15 0.727
 11.889 15 0.728
 11.106 15 0.729
 11.718 15 0.73
 12.843 15 0.731
 14.757 15 0.732
 12.256 15 0.733
 55.383 15 0.734
 13.726 15 0.735
 11.692 15 0.736
 12.179 15 0.737
 13.323 15 0.738
 11.282 15 0.739
 11.136 15 0.74
 8.199 15 0.741
 8.427 15 0.742
 8.341 15 0.743
 8.229 15 0.744
 8.588 15 0.745
 8.388 15 0.746
 8.432 15 0.747
 8.387 15 0.748
 8.743 15 0.749
 9.206 16 0.75
 8.898 16 0.751
 8.819 16 0.752
 9.272 16 0.753
 9.067 16 0.754
 8.795 16 0.755
 9.069 16 0.756
 8.853 16 0.757
 8.85 16 0.758
 9.22 16 0.759
 8.852 16 0.76
 8.837 16 0.761
 9.039 16 0.762
 9.505 16 0.763
 9.282 16 0.764
 9.444 16 0.765
 9.751 16 0.766
 8.907 16 0.767
 8.753 16 0.768
 8.944 16 0.769
 9.468 16 0.77
 8.87 16 0.771
 8.879 16 0.772
 10.067 16 0.773
 8.43 16 0.774
 8.558 16 0.775
 10.231 16 0.776
 9.441 16 0.777
 9.855 16 0.778
 9.89 16 0.779
 10.16 16 0.78
 9.756 16 0.781
 9.94 16 0.782
 9.867 16 0.783
 9.112 16 0.784
 9.885 16 0.785
 8.588 16 0.786
 8.582 16 0.787
 8.875 16 0.788
 47.861 16 0.789
 11.723 16 0.79
 13.547 16 0.791
 11.635 16 0.792
 11.586 16 0.793
 11.604 16 0.794
 11.799 16 0.795
 12.21 16 0.796
 11.784 16 0.797
 11.668 16 0.798
 11.634 16 0.799
 15.006 17 0.8
 14.232 17 0.801
 14.246 17 0.802
 14.666 17 0.803
 14.541 17 0.804
 11.982 17 0.805
 12.39 17 0.806
 11.927 17 0.807
 11.785 17 0.808
 12.477 17 0.809
 11.812 17 0.81
 12.871 17 0.811
 11.865 17 0.812
 12.114 17 0.813
 12.772 17 0.814
 60.218 17 0.815
 14.232 17 0.816
 13.708 17 0.817
 10.935 17 0.818
 10.45 17 0.819
 12.074 17 0.82
 11.921 17 0.821
 8.825 17 0.822
 8.897 17 0.823
 8.701 17 0.824
 10.514 17 0.825
 8.894 17 0.826
 8.596 17 0.827
 10.548 17 0.828
 8.963 17 0.829
 60.477 17 0.83
 80.673 17 0.831
 14.18 17 0.832
 16.746 17 0.833
 13.842 17 0.834
 14.053 17 0.835
 13.91 17 0.836
 14.004 17 0.837
 14.044 17 0.838
 13.593 17 0.839
 13.745 17 0.84
 14.696 17 0.841
 15.318 17 0.842
 14.389 17 0.843
 15.526 17 0.844
 635.475 17 0.845
 14.995 17 0.846
 15.1 17 0.847
 10.173 17 0.848
 10.33 17 0.849
 11.201 18 0.85
 11.777 18 0.851
 12.078 18 0.852
 11.165 18 0.853
 11.193 18 0.854
 12.185 18 0.855
 10.971 18 0.856
 10.912 18 0.857
 13.181 18 0.858
 13.008 18 0.859
 13.234 18 0.86
 13.434 18 0.861
 12.929 18 0.862
 12.53 18 0.863
 12.871 18 0.864
 46.976 18 0.865
 14.613 18 0.866
 12.535 18 0.867
 12.313 18 0.868
 25.024 18 0.869
 13.874 18 0.87
 12.867 18 0.871
 12.888 18 0.872
 12.19 18 0.873
 14.631 18 0.874
 13.172 18 0.875
 13.167 18 0.876
 12.936 18 0.877
 14.034 18 0.878
 12.654 18 0.879
 11.687 18 0.88
 11.988 18 0.881
 12.239 18 0.882
 11.303 18 0.883
 12.178 18 0.884
 12.077 18 0.885
 13.119 18 0.886
 12.378 18 0.887
 11.761 18 0.888
 13.032 18 0.889
 12.011 18 0.89
 12.143 18 0.891
 12.225 18 0.892
 12.658 18 0.893
 12.327 18 0.894
 12.014 18 0.895
 10.5 18 0.896
 10.255 18 0.897
 7.851 18 0.898
 11.264 18 0.899
 15.193 19 0.9
 13.537 19 0.901
 12.053 19 0.902
 12.558 19 0.903
 12.155 19 0.904
 12.452 19 0.905
 12.274 19 0.906
 12.754 19 0.907
 12.659 19 0.908
 12.763 19 0.909
 12.857 19 0.91
 12.859 19 0.911
 12.769 19 0.912
 12.661 19 0.913
 13.174 19 0.914
 12.451 19 0.915
 12.625 19 0.916
 12.767 19 0.917
 12.614 19 0.918
 12.539 19 0.919
 12.656 19 0.92
 12.453 19 0.921
 12.702 19 0.922
 12.728 19 0.923
 12.631 19 0.924
 12.347 19 0.925
 12.851 19 0.926
 12.738 19 0.927
 12.943 19 0.928
 12.886 19 0.929
 12.855 19 0.93
 12.955 19 0.931
 12.707 19 0.932
 12.704 19 0.933
 12.823 19 0.934
 13.777 19 0.935
 13.737 19 0.936
 12.669 19 0.937
 13.743 19 0.938
 12.916 19 0.939
 12.738 19 0.94
 14.421 19 0.941
 14.321 19 0.942
 13.548 19 0.943
 13.523 19 0.944
 15.164 19 0.945
 13.446 19 0.946
 12.958 19 0.947
 11.711 19 0.948
 13.384 19 0.949
 17.844 20 0.95
 13.273 20 0.951
 13.512 20 0.952
 13.365 20 0.953
 14.41 20 0.954
 15.441 20 0.955
 14.135 20 0.956
 14.631 20 0.957
 15.053 20 0.958
 12.528 20 0.959
 13.571 20 0.96
 13.996 20 0.961
 13.571 20 0.962
 14.437 20 0.963
 14.491 20 0.964
 13.392 20 0.965
 13.254 20 0.966
 13.062 20 0.967
 13.398 20 0.968
 14.137 20 0.969
 13.228 20 0.97
 14.594 20 0.971
 14.812 20 0.972
 15.042 20 0.973
 12.011 20 0.974
 14.749 20 0.975
 15.227 20 0.976
 13.445 20 0.977
 16.215 20 0.978
 13.964 20 0.979
 14.788 20 0.98
 14.268 20 0.981
 13.912 20 0.982
 13.053 20 0.983
 12.838 20 0.984
 13.231 20 0.985
 12.987 20 0.986
 13.386 20 0.987
 13.473 20 0.988
 13.428 20 0.989
 13.527 20 0.99
 13.553 20 0.991
 13.744 20 0.992
 14.025 20 0.993
 14.528 20 0.994
 13.249 20 0.995
 13.239 20 0.996
 13.889 20 0.997
 13.675 20 0.998
 13.31 20 0.999
 15.607 21 1
 16.023 21 1.001
 15.151 21 1.002
 15.083 21 1.003
 15.418 21 1.004
 14.938 21 1.005
 15.764 21 1.006
 15.022 21 1.007
 14.91 21 1.008
 15.212 21 1.009
 16.034 21 1.01
 14.973 21 1.011
 15.356 21 1.012
 15.507 21 1.013
 15.259 21 1.014
 15.427 21 1.015
 14.996 21 1.016
 14.918 21 1.017
 15.139 21 1.018
 14.914 21 1.019
 15.171 21 1.02
 15.099 21 1.021
 15.171 21 1.022
 52.243 21 1.023
 18.47 21 1.024
 15.805 21 1.025
 15.288 21 1.026
 15.906 21 1.027
 16.531 21 1.028
 15.733 21 1.029
 15.858 21 1.03
 15.784 21 1.031
 15.366 21 1.032
 15.816 21 1.033
 15.541 21 1.034
 16.25 21 1.035
 15.722 21 1.036
 15.729 21 1.037
 15.58 21 1.038
 15.653 21 1.039
 12.924 21 1.04
 13.189 21 1.041
 53.421 21 1.042
 13.621 21 1.043
 13.047 21 1.044
 13.014 21 1.045
 11.243 21 1.046
 10.478 21 1.047
 135.581 21 1.048
 96.796 21 1.049
 13.374 21 1.05
 14.95 22 1.051
 10.255 22 1.052
 10.038 22 1.053
 12.886 22 1.054
 13.207 22 1.055
 55.351 22 1.056
 19.462 22 1.057
 49.888 22 1.058
 22.247 22 1.059
 34.426 22 1.06
 22.251 22 1.061
 22.313 22 1.062
 22.566 22 1.063
 22.823 22 1.064
 22.234 22 1.065
 22.343 22 1.066
 22.634 22 1.067
 22.369 22 1.068
 66.404 22 1.069
 96.845 22 1.07
 71.725 22 1.071
 22.884 22 1.072
 79.182 22 1.073
 16.732 22 1.074
 65.909 22 1.075
 17.022 22 1.076
 51.15 22 1.077
 21.74 22 1.078
 17.084 22 1.079
 17.056 22 1.08
 16.952 22 1.081
 29.351 22 1.082
 16.751 22 1.083
 16.735 22 1.084
 53.079 22 1.085
 17.196 22 1.086
 49.503 22 1.087
 17.174 22 1.088
 16.621 22 1.089
 16.916 22 1.09
 17.231 22 1.091
 17.319 22 1.092
 21.082 22 1.093
 16.658 22 1.094
 16.767 22 1.095
 16.604 22 1.096
 16.679 22 1.097
 51.004 22 1.098
 78.383 22 1.099
 17.519 22 1.1
 18.899 23 1.101
 19.154 23 1.102
 56.893 23 1.103
 18.424 23 1.104
 18.76 23 1.105
 41.406 23 1.106
 18.523 23 1.107
 18.661 23 1.108
 46.798 23 1.109
 18.494 23 1.11
 18.831 23 1.111
 18.517 23 1.112
 18.189 23 1.113
 18.501 23 1.114
 52.306 23 1.115
 19.244 23 1.116
 18.517 23 1.117
 18.811 23 1.118
 18.56 23 1.119
 18.52 23 1.12
 18.718 23 1.121
 18.444 23 1.122
 24.378 23 1.123
 18.517 23 1.124
 19.122 23 1.125
 18.552 23 1.126
 18.526 23 1.127
 18.698 23 1.128
 19.276 23 1.129
 18.728 23 1.13
 18.868 23 1.131
 18.862 23 1.132
 19.025 23 1.133
 18.985 23 1.134
 18.844 23 1.135
 18.921 23 1.136
 19.539 23 1.137
 18.904 23 1.138
 22.349 23 1.139
 19.832 23 1.14
 20.34 23 1.141
 19.519 23 1.142
 18.714 23 1.143
 18.844 23 1.144
 19.002 23 1.145
 18.834 23 1.146
 19.106 23 1.147
 18.982 23 1.148
 19.028 23 1.149
 19.426 23 1.15
 20.646 24 1.151
 20.39 24 1.152
 20.437 24 1.153
 19.933 24 1.154
 19.588 24 1.155
 19.938 24 1.156
 19.945 24 1.157
 20.711 24 1.158
 16.096 24 1.159
 16.88 24 1.16
 19.618 24 1.161
 19.347 24 1.162
 20.31 24 1.163
 28.22 24 1.164
 28.557 24 1.165
 24.156 24 1.166
 26.174 24 1.167
 27.946 24 1.168
 28.448 24 1.169
 27.41 24 1.17
 26.869 24 1.171
 26.9 24 1.172
 26.824 24 1.173
 26.606 24 1.174
 27.655 24 1.175
 27.019 24 1.176
 27.12 24 1.177
 27.087 24 1.178
 27.762 24 1.179
 29.16 24 1.18
 28.277 24 1.181
 28.337 24 1.182
 27.106 24 1.183
 27.831 24 1.184
 26.894 24 1.185
 26.683 24 1.186
 27.36 24 1.187
 26.395 24 1.188
 26.884 24 1.189
 26.745 24 1.19
 26.393 24 1.191
 26.881 24 1.192
 26.386 24 1.193
 27.506 24 1.194
 26.829 24 1.195
 26.802 24 1.196
 26.972 24 1.197
 27.553 24 1.198
 26.749 24 1.199
 27.402 24 1.2
 40.126 25 1.201
 35.293 25 1.202
 33.346 25 1.203
 31.206 25 1.204
 29.899 25 1.205
 29.714 25 1.206
 30.305 25 1.207
 29.757 25 1.208
 29.881 25 1.209
 30.215 25 1.21
 30.398 25 1.211
 30.6 25 1.212
 30.864 25 1.213
 29.755 25 1.214
 32.344 25 1.215
 33.751 25 1.216
 31.198 25 1.217
 31.111 25 1.218
 31.637 25 1.219
 31.247 25 1.22
 31.488 25 1.221
 31.346 25 1.222
 31.579 25 1.223
 103.228 25 1.224
 31.098 25 1.225
 30.423 25 1.226
 30.059 25 1.227
 30.145 25 1.228
 31.716 25 1.229
 30.152 25 1.23
 31.135 25 1.231
 30.068 25 1.232
 30.741 25 1.233
 30.473 25 1.234
 32.536 25 1.235
 30.661 25 1.236
 30.483 25 1.237
 29.944 25 1.238
 30.365 25 1.239
 30.897 25 1.24
 30.193 25 1.241
 44.914 25 1.242
 30.648 25 1.243
 30.059 25 1.244
 104.342 25 1.245
 77.307 25 1.246
 30.219 25 1.247
 29.827 25 1.248
 30.284 25 1.249
 108.878 25 1.25
 38.814 26 1.251
 34.07 26 1.252
 32.353 26 1.253
 34.037 26 1.254
 31.967 26 1.255
 32.245 26 1.256
 32.594 26 1.257
 31.729 26 1.258
 128.429 26 1.259
 27.554 26 1.26
 29.812 26 1.261
 31.162 26 1.262
 28.006 26 1.263
 27.46 26 1.264
 27.717 26 1.265
 27.415 26 1.266
 27.247 26 1.267
 27.099 26 1.268
 27.435 26 1.269
 24.729 26 1.27
 23.445 26 1.271
 36.593 26 1.272
 22.457 26 1.273
 7.446 26 1.274
 468.808 26 1.275
 84.839 26 1.276
 18.929 26 1.277
 19.264 26 1.278
 23.999 26 1.279
 23.698 26 1.28
 23.961 26 1.281
 22.503 26 1.282
 20.989 26 1.283
 21.551 26 1.284
 21.445 26 1.285
 21.757 26 1.286
 23.844 26 1.287
 25.835 26 1.288
 23.926 26 1.289
 24.727 26 1.29
 22.48 26 1.291
 23.017 26 1.292
 22.731 26 1.293
 22.843 26 1.294
 23.331 26 1.295
 24.053 26 1.296
 23.581 26 1.297
 23.725 26 1.298
 23.442 26 1.299
 23.837 26 1.3
 27.229 27 1.301
 25.735 27 1.302
 26.219 27 1.303
 26.731 27 1.304
 28.215 27 1.305
 70.215 27 1.306
 27.148 27 1.307
 55.985 27 1.308
 84 27 1.309
 29.216 27 1.31
 29.028 27 1.311
 28.541 27 1.312
 27.762 27 1.313
 30.29 27 1.314
 32.65 27 1.315
 27.095 27 1.316
 27.224 27 1.317
 27.214 27 1.318
 28.129 27 1.319
 28.728 27 1.32
 28.824 27 1.321
 28.617 27 1.322
 26.792 27 1.323
 27.144 27 1.324
 30.112 27 1.325
 26.953 27 1.326
 28.658 27 1.327
 28.475 27 1.328
 28.583 27 1.329
 26.57 27 1.33
 32.526 27 1.331
 24.986 27 1.332
 24.945 27 1.333
 30.066 27 1.334
 26.076 27 1.335
 57.991 27 1.336
 26.922 27 1.337
 27.026 27 1.338
 27.051 27 1.339
 60.249 27 1.34
 27.009 27 1.341
 30.016 27 1.342
 26.832 27 1.343
 31.898 27 1.344
 31.301 27 1.345
 27.024 27 1.346
 29.826 27 1.347
 26.878 27 1.348
 120.05 27 1.349
 30.932 27 1.35
 29.248 28 1.351
 27.076 28 1.352
 27.292 28 1.353
 27.288 28 1.354
 70.887 28 1.355
 28.139 28 1.356
 27.783 28 1.357
 31.331 28 1.358
 28.418 28 1.359
 29.438 28 1.36
 28.979 28 1.361
 28.715 28 1.362
 28.217 28 1.363
 28.609 28 1.364
 27.981 28 1.365
 94.043 28 1.366
 33.763 28 1.367
 63.933 28 1.368
 29.802 28 1.369
 28.535 28 1.37
 28.539 28 1.371
 31.228 28 1.372
 28.003 28 1.373
 28.897 28 1.374
 26.884 28 1.375
 57.161 28 1.376
 27.881 28 1.377
 67.114 28 1.378
 27.561 28 1.379
 26.956 28 1.38
 27.359 28 1.381
 28.117 28 1.382
 28.48 28 1.383
 28.561 28 1.384
 28.244 28 1.385
 28.063 28 1.386
 27.935 28 1.387
 62.622 28 1.388
 31.475 28 1.389
 31.493 28 1.39
 28.541 28 1.391
 28.328 28 1.392
 37.788 28 1.393
 36.205 28 1.394
 29.193 28 1.395
 28.9 28 1.396
 30.43 28 1.397
 34.417 28 1.398
 31.81 28 1.399
 31.16 28 1.4
 99.018 29 1.401
 31.418 29 1.402
 34.549 29 1.403
 35.575 29 1.404
 33.493 29 1.405
 32.27 29 1.406
 31.281 29 1.407
 30.972 29 1.408
 138.716 29 1.409
 29.485 29 1.41
 28.6 29 1.411
 28.015 29 1.412
 27.862 29 1.413
 28.479 29 1.414
 29.683 29 1.415
 170.614 29 1.416
 30.079 29 1.417
 30.201 29 1.418
 30.216 29 1.419
 30.329 29 1.42
 30.574 29 1.421
 32.811 29 1.422
 124.009 29 1.423
 32.676 29 1.424
 29.7 29 1.425
 30.66 29 1.426
 29.998 29 1.427
 29.957 29 1.428
 133.608 29 1.429
 160.131 29 1.43
 31.586 29 1.431
 30.371 29 1.432
 108.521 29 1.433
 33.278 29 1.434
 62.137 29 1.435
 29.99 29 1.436
 30.078 29 1.437
 30.808 29 1.438
 34.776 29 1.439
 30.202 29 1.44
 32.082 29 1.441
 29.946 29 1.442
 30.267 29 1.443
 29.927 29 1.444
 29.717 29 1.445
 29.986 29 1.446
 30.755 29 1.447
 30.062 29 1.448
 30.443 29 1.449
 29.863 29 1.45
 33.787 30 1.451
 31.798 30 1.452
 31.366 30 1.453
 31.785 30 1.454
 31.461 30 1.455
 31.486 30 1.456
 31.532 30 1.457
 31.365 30 1.458
 31.281 30 1.459
 31.656 30 1.46
 31.29 30 1.461
 31.212 30 1.462
 31.166 30 1.463
 31.198 30 1.464
 31.286 30 1.465
 31.396 30 1.466
 30.813 30 1.467
 31.373 30 1.468
 30.658 30 1.469
 32.524 30 1.47
 31.675 30 1.471
 31.456 30 1.472
 30.983 30 1.473
 31.946 30 1.474
 31.8 30 1.475
 30.814 30 1.476
 30.849 30 1.477
 31.167 30 1.478
 32.215 30 1.479
 31.027 30 1.48
 30.445 30 1.481
 31.094 30 1.482
 31.788 30 1.483
 31.583 30 1.484
 32.61 30 1.485
 31.522 30 1.486
 31.712 30 1.487
 33.587 30 1.488
 33.8 30 1.489
 31.424 30 1.49
 99.564 30 1.491
 32.223 30 1.492
 31.981 30 1.493
 31.777 30 1.494
 25.238 30 1.495
 168.94 30 1.496
 145.968 30 1.497
 18.423 30 1.498
 1.062 30 1.499
 1.058 30 1.5
 30.976 31 1.501
 33.208 31 1.502
 34.387 31 1.503
 33.992 31 1.504
 36.07 31 1.505
 41.685 31 1.506
 41.59 31 1.507
 41.562 31 1.508
 41.41 31 1.509
 42.111 31 1.51
 41.408 31 1.511
 41.594 31 1.512
 41.673 31 1.513
 42.155 31 1.514
 41.19 31 1.515
 41.711 31 1.516
 48.517 31 1.517
 49.596 31 1.518
 49.211 31 1.519
 49.167 31 1.52
 48.723 31 1.521
 48.325 31 1.522
 49.112 31 1.523
 49.12 31 1.524
 49.285 31 1.525
 48.721 31 1.526
 48.605 31 1.527
 49.053 31 1.528
 49.013 31 1.529
 55.589 31 1.53
 50.205 31 1.531
 49.073 31 1.532
 49.064 31 1.533
 48.748 31 1.534
 48.978 31 1.535
 48.556 31 1.536
 47.313 31 1.537
 48.039 31 1.538
 47.816 31 1.539
 48.675 31 1.54
 49.035 31 1.541
 48.964 31 1.542
 48.602 31 1.543
 49.148 31 1.544
 49.029 31 1.545
 49.332 31 1.546
 49.068 31 1.547
 48.715 31 1.548
 48.586 31 1.549
 49.116 31 1.55
 55.818 32 1.551
 50.557 32 1.552
 51.613 32 1.553
 50.701 32 1.554
 50.061 32 1.555
 50.599 32 1.556
 50.523 32 1.557
 53.029 32 1.558
 50.193 32 1.559
 50.293 32 1.56
 51.045 32 1.561
 51.595 32 1.562
 50.352 32 1.563
 52.391 32 1.564
 52.648 32 1.565
 60.522 32 1.566
 52.32 32 1.567
 50.918 32 1.568
 51.147 32 1.569
 50.943 32 1.57
 50.146 32 1.571
 50.961 32 1.572
 50.074 32 1.573
 50.422 32 1.574
 50.897 32 1.575
 51.466 32 1.576
 51.288 32 1.577
 49.99 32 1.578
 50.084 32 1.579
 50.395 32 1.58
 50.754 32 1.581
 50.729 32 1.582
 50.213 32 1.583
 50.129 32 1.584
 50.232 32 1.585
 50.321 32 1.586
 51.181 32 1.587
 52.332 32 1.588
 37.321 32 1.589
 35.215 32 1.59
 37.222 32 1.591
 35.103 32 1.592
 35.288 32 1.593
 35.375 32 1.594
 35.468 32 1.595
 36.029 32 1.596
 36.547 32 1.597
 37.32 32 1.598
 36.211 32 1.599
 36.09 32 1.6
 44.819 33 1.601
 41.383 33 1.602
 41.271 33 1.603
 41.055 33 1.604
 42.389 33 1.605
 41.37 33 1.606
 41.247 33 1.607
 41.23 33 1.608
 41.693 33 1.609
 41.233 33 1.61
 40.961 33 1.611
 41.369 33 1.612
 41.719 33 1.613
 42.264 33 1.614
 40.925 33 1.615
 43.172 33 1.616
 245.225 33 1.617
 42.215 33 1.618
 42.609 33 1.619
 44.482 33 1.62
 45.598 33 1.621
 43.587 33 1.622
 43.557 33 1.623
 46.412 33 1.624
 49.335 33 1.625
 46.423 33 1.626
 45.542 33 1.627
 49.133 33 1.628
 47.397 33 1.629
 45.348 33 1.63
 43.544 33 1.631
 42.074 33 1.632
 41.338 33 1.633
 41.103 33 1.634
 45.215 33 1.635
 43.488 33 1.636
 43.72 33 1.637
 43.901 33 1.638
 43.569 33 1.639
 42.453 33 1.64
 42.5 33 1.641
 41.346 33 1.642
 42.629 33 1.643
 45.005 33 1.644
 48.608 33 1.645
 48.512 33 1.646
 46.274 33 1.647
 50.364 33 1.648
 46.473 33 1.649
 43.442 33 1.65
 44.903 34 1.651
 43.811 34 1.652
 44.686 34 1.653
 45.362 34 1.654
 46.203 34 1.655
 45.462 34 1.656
 48.826 34 1.657
 44.945 34 1.658
 46.937 34 1.659
 44.028 34 1.66
 46.436 34 1.661
 42.192 34 1.662
 45.609 34 1.663
 44.06 34 1.664
 43.341 34 1.665
 42.739 34 1.666
 43.636 34 1.667
 42.44 34 1.668
 44.792 34 1.669
 44.566 34 1.67
 47.387 34 1.671
 43.851 34 1.672
 44.614 34 1.673
 43.741 34 1.674
 42.953 34 1.675
 47.036 34 1.676
 42.565 34 1.677
 44.903 34 1.678
 44.436 34 1.679
 45.944 34 1.68
 43.728 34 1.681
 45.222 34 1.682
 46.101 34 1.683
 48.195 34 1.684
 47.6 34 1.685
 45.651 34 1.686
 54.712 34 1.687
 50.055 34 1.688
 49.111 34 1.689
 54.07 34 1.69
 49.062 34 1.691
 49.923 34 1.692
 42.384 34 1.693
 43.628 34 1.694
 44.279 34 1.695
 44.006 34 1.696
 43.953 34 1.697
 42.821 34 1.698
 42.496 34 1.699
 43.297 34 1.7
 51.49 35 1.701
 48.352 35 1.702
 55.766 35 1.703
 58.285 35 1.704
 48.893 35 1.705
 49.278 35 1.706
 47.553 35 1.707
 46.936 35 1.708
 46.44 35 1.709
 46.664 35 1.71
 47.365 35 1.711
 47.407 35 1.712
 51.817 35 1.713
 36.904 35 1.714
 36.849 35 1.715
 173.284 35 1.716
 37.643 35 1.717
 36.101 35 1.718
 35.817 35 1.719
 35.515 35 1.72
 36.117 35 1.721
 19.367 35 1.722
 10.162 35 1.723
 1.239 35 1.724
 1.26 35 1.725
 1.291 35 1.726
 382.237 35 1.727
 36.026 35 1.728
 37.16 35 1.729
 37.511 35 1.73
 35.833 35 1.731
 35.775 35 1.732
 35.7 35 1.733
 36.167 35 1.734
 47.227 35 1.735
 46.551 35 1.736
 46.159 35 1.737
 46.657 35 1.738
 47.758 35 1.739
 46.65 35 1.74
 45.922 35 1.741
 45.962 35 1.742
 47.044 35 1.743
 46.571 35 1.744
 46.049 35 1.745
 46.434 35 1.746
 46.551 35 1.747
 46.992 35 1.748
 46.468 35 1.749
 46.409 35 1.75
 52.476 36 1.751
 49.376 36 1.752
 48.675 36 1.753
 48.876 36 1.754
 49.201 36 1.755
 49.151 36 1.756
 48.98 36 1.757
 48.662 36 1.758
 48.75 36 1.759
 49.233 36 1.76
 49.382 36 1.761
 49.03 36 1.762
 48.705 36 1.763
 48.439 36 1.764
 48.53 36 1.765
 52.767 36 1.766
 49.067 36 1.767
 54.223 36 1.768
 43.76 36 1.769
 43.63 36 1.77
 49.825 36 1.771
 49.795 36 1.772
 50.439 36 1.773
 48.198 36 1.774
 52.903 36 1.775
 51.663 36 1.776
 47.44 36 1.777
 45.211 36 1.778
 47.125 36 1.779
 48.966 36 1.78
 54.175 36 1.781
 53.735 36 1.782
 50.072 36 1.783
 48.405 36 1.784
 48.556 36 1.785
 48.231 36 1.786
 48.204 36 1.787
 48.473 36 1.788
 48.2 36 1.789
 48.506 36 1.79
 47.95 36 1.791
 50.778 36 1.792
 51.985 36 1.793
 50.697 36 1.794
 49.028 36 1.795
 54.154 36 1.796
 48.548 36 1.797
 49.032 36 1.798
 47.924 36 1.799
 48.576 36 1.8
 59.276 37 1.801
 55.788 37 1.802
 51.68 37 1.803
 50.071 37 1.804
 52.772 37 1.805
 54.921 37 1.806
 55.478 37 1.807
 56.172 37 1.808
 56.406 37 1.809
 55.508 37 1.81
 54.959 37 1.811
 55.864 37 1.812
 55.257 37 1.813
 55.068 37 1.814
 54.62 37 1.815
 54.951 37 1.816
 55.051 37 1.817
 56.443 37 1.818
 55.349 37 1.819
 55.026 37 1.82
 55.708 37 1.821
 55.678 37 1.822
 55.694 37 1.823
 55.058 37 1.824
 55.773 37 1.825
 55.507 37 1.826
 55.766 37 1.827
 60.192 37 1.828
 61.003 37 1.829
 57.66 37 1.83
 55.578 37 1.831
 55.553 37 1.832
 55.603 37 1.833
 55.211 37 1.834
 57.931 37 1.835
 59.116 37 1.836
 55.432 37 1.837
 55.308 37 1.838
 51.45 37 1.839
 56.58 37 1.84
 56.866 37 1.841
 55.917 37 1.842
 55.387 37 1.843
 67.438 37 1.844
 55.631 37 1.845
 59.838 37 1.846
 55.868 37 1.847
 55.303 37 1.848
 54.913 37 1.849
 55.089 37 1.85
 58.545 38 1.851
 56.011 38 1.852
 56.493 38 1.853
 56.71 38 1.854
 56.615 38 1.855
 56.354 38 1.856
 56.21 38 1.857
 55.606 38 1.858
 55.734 38 1.859
 56.24 38 1.86
 55.574 38 1.861
 55.931 38 1.862
 56.267 38 1.863
 56.593 38 1.864
 57.038 38 1.865
 60.998 38 1.866
 65.457 38 1.867
 59.916 38 1.868
 56.445 38 1.869
 56.284 38 1.87
 60.063 38 1.871
 300.102 38 1.872
 60.209 38 1.873
 60.095 38 1.874
 60.846 38 1.875
 147.428 38 1.876
 64.6 38 1.877
 58.672 38 1.878
 59.016 38 1.879
 59.259 38 1.88
 60.221 38 1.881
 58.623 38 1.882
 59.685 38 1.883
 58.548 38 1.884
 59.377 38 1.885
 59.482 38 1.886
 282.589 38 1.887
 64.264 38 1.888
 58.867 38 1.889
 65.184 38 1.89
 74.073 38 1.891
 66.597 38 1.892
 61.063 38 1.893
 137.134 38 1.894
 76.843 38 1.895
 63.147 38 1.896
 62.239 38 1.897
 63.138 38 1.898
 58.08 38 1.899
 59.205 38 1.9
 66.446 39 1.901
 140.116 39 1.902
 63.294 39 1.903
 63.394 39 1.904
 63.768 39 1.905
 63.284 39 1.906
 81.193 39 1.907
 76.766 39 1.908
 71.956 39 1.909
 60.025 39 1.91
 66.434 39 1.911
 69.691 39 1.912
 86.71 39 1.913
 89.775 39 1.914
 66.379 39 1.915
 63.815 39 1.916
 63.365 39 1.917
 140.592 39 1.918
 63.55 39 1.919
 62.422 39 1.92
 62.859 39 1.921
 58.28 39 1.922
 68.493 39 1.923
 70.637 39 1.924
 71.511 39 1.925
 564.287 39 1.926
 74.052 39 1.927
 67.209 39 1.928
 68.485 39 1.929
 55.281 39 1.93
 53.015 39 1.931
 53.293 39 1.932
 456.32 39 1.933
 54.038 39 1.934
 49.477 39 1.935
 56.438 39 1.936
 68.54 39 1.937
 63.243 39 1.938
 66.946 39 1.939
 51.633 39 1.94
 55.241 39 1.941
 51.709 39 1.942
 51.028 39 1.943
 50.921 39 1.944
 262.6 39 1.945
 113.359 39 1.946
 33.089 39 1.947
 14.238 39 1.948
 1.598 39 1.949
 1.786 39 1.95
 33.586 40 1.951
 53.218 40 1.952
 48.492 40 1.953
 48.8 40 1.954
 48.523 40 1.955
 49.867 40 1.956
 49.629 40 1.957
 49.629 40 1.958
 48.954 40 1.959
 61.921 40 1.96
 62.568 40 1.961
 61.609 40 1.962
 62.458 40 1.963
 62.383 40 1.964
 61.833 40 1.965
 61.536 40 1.966
 61.503 40 1.967
 63.185 40 1.968
 63.128 40 1.969
 63.254 40 1.97
 62.904 40 1.971
 62.856 40 1.972
 62.876 40 1.973
 63.631 40 1.974
 63.802 40 1.975
 63.117 40 1.976
 63.245 40 1.977
 67.01 40 1.978
 62.791 40 1.979
 63.567 40 1.98
 63.139 40 1.981
 63.123 40 1.982
 62.809 40 1.983
 63.483 40 1.984
 62.751 40 1.985
 62.917 40 1.986
 63.254 40 1.987
 62.766 40 1.988
 63.514 40 1.989
 63.264 40 1.99
 63.099 40 1.991
 63.238 40 1.992
 64.878 40 1.993
 73.981 40 1.994
 72.68 40 1.995
 66.787 40 1.996
 62.902 40 1.997
 61.39 40 1.998
 64.436 40 1.999
 69.493 40 2
