1 0.302 1 0.001
1 0.268 1 0.002
1 0.21 1 0.003
1 0.296 1 0.004
1 0.202 1 0.005
1 0.256 1 0.006
1 0.193 1 0.007
1 0.24 1 0.008
1 0.202 1 0.009
1 0.191 1 0.01
1 0.247 1 0.011
1 0.255 1 0.012
1 0.255 1 0.013
1 0.207 1 0.014
1 0.205 1 0.015
1 0.203 1 0.016
1 0.211 1 0.017
1 0.205 1 0.018
1 0.199 1 0.019
1 0.205 1 0.02
1 0.195 1 0.021
1 0.182 1 0.022
1 0.217 1 0.023
1 0.19 1 0.024
1 0.206 1 0.025
1 0.202 1 0.026
1 0.193 1 0.027
1 0.221 1 0.028
1 0.25 1 0.029
1 0.203 1 0.03
1 0.189 1 0.031
1 0.22 1 0.032
1 0.264 1 0.033
1 0.211 1 0.034
1 0.259 1 0.035
1 0.265 1 0.036
1 0.258 1 0.037
1 0.264 1 0.038
1 0.259 1 0.039
1 0.259 1 0.04
1 0.206 1 0.041
1 0.275 1 0.042
1 0.257 1 0.043
1 0.268 1 0.044
1 0.261 1 0.045
1 0.229 1 0.046
1 0.257 1 0.047
1 0.277 1 0.048
1 0.201 1 0.049
1 0.334 2 0.05
1 0.359 2 0.051
1 0.355 2 0.052
1 0.267 2 0.053
1 0.303 2 0.054
1 0.258 2 0.055
1 0.276 2 0.056
1 0.231 2 0.057
1 0.261 2 0.058
1 0.259 2 0.059
1 0.227 2 0.06
1 0.27 2 0.061
1 0.258 2 0.062
1 0.267 2 0.063
1 0.274 2 0.064
1 0.269 2 0.065
1 0.266 2 0.066
1 0.267 2 0.067
1 0.278 2 0.068
1 0.259 2 0.069
1 0.271 2 0.07
1 0.263 2 0.071
1 0.269 2 0.072
1 0.264 2 0.073
1 0.258 2 0.074
1 0.261 2 0.075
1 0.411 2 0.076
1 0.487 2 0.077
1 0.272 2 0.078
1 0.258 2 0.079
1 0.273 2 0.08
1 0.281 2 0.081
1 0.308 2 0.082
1 0.334 2 0.083
1 0.307 2 0.084
1 0.263 2 0.085
1 0.301 2 0.086
1 0.278 2 0.087
1 0.227 2 0.088
1 0.276 2 0.089
1 0.279 2 0.09
1 0.233 2 0.091
1 0.27 2 0.092
1 0.271 2 0.093
1 0.236 2 0.094
1 0.233 2 0.095
1 0.229 2 0.096
1 0.252 2 0.097
1 0.273 2 0.098
1 0.276 2 0.099
1 0.371 3 0.1
1 0.248 3 0.101
1 0.272 3 0.102
1 0.241 3 0.103
1 0.259 3 0.104
1 0.326 3 0.105
1 0.25 3 0.106
1 0.408 3 0.107
1 0.236 3 0.108
1 0.276 3 0.109
1 0.28 3 0.11
1 0.24 3 0.111
1 0.21 3 0.112
1 0.252 3 0.113
1 0.247 3 0.114
1 0.269 3 0.115
1 0.264 3 0.116
1 0.279 3 0.117
1 0.306 3 0.118
1 0.315 3 0.119
1 0.245 3 0.12
1 0.267 3 0.121
1 0.272 3 0.122
1 0.252 3 0.123
1 0.243 3 0.124
1 0.256 3 0.125
1 0.257 3 0.126
1 0.303 3 0.127
1 0.273 3 0.128
1 0.247 3 0.129
1 0.303 3 0.13
1 0.341 3 0.131
1 0.258 3 0.132
1 0.272 3 0.133
1 0.261 3 0.134
1 0.249 3 0.135
1 0.277 3 0.136
1 0.267 3 0.137
1 0.275 3 0.138
1 0.291 3 0.139
1 0.267 3 0.14
1 0.261 3 0.141
1 0.263 3 0.142
1 0.286 3 0.143
1 0.261 3 0.144
1 0.284 3 0.145
1 0.272 3 0.146
1 0.279 3 0.147
1 0.311 3 0.148
1 0.239 3 0.149
1 0.355 4 0.15
1 0.299 4 0.151
1 0.244 4 0.152
1 0.247 4 0.153
1 0.285 4 0.154
1 0.259 4 0.155
1 0.244 4 0.156
1 0.273 4 0.157
1 0.352 4 0.158
1 0.24 4 0.159
1 0.266 4 0.16
1 0.301 4 0.161
1 0.269 4 0.162
1 0.335 4 0.163
1 0.241 4 0.164
1 0.261 4 0.165
1 0.286 4 0.166
1 0.29 4 0.167
1 0.289 4 0.168
1 0.3 4 0.169
1 0.27 4 0.17
1 0.296 4 0.171
1 0.254 4 0.172
1 0.299 4 0.173
1 0.275 4 0.174
1 0.258 4 0.175
1 0.231 4 0.176
1 0.294 4 0.177
1 0.261 4 0.178
1 0.292 4 0.179
1 0.293 4 0.18
1 0.258 4 0.181
1 0.285 4 0.182
1 0.326 4 0.183
1 0.277 4 0.184
1 0.263 4 0.185
1 0.282 4 0.186
1 0.268 4 0.187
1 0.269 4 0.188
1 0.313 4 0.189
1 0.257 4 0.19
1 0.26 4 0.191
1 0.258 4 0.192
1 0.266 4 0.193
1 0.31 4 0.194
1 0.274 4 0.195
1 0.311 4 0.196
1 0.262 4 0.197
1 0.312 4 0.198
1 0.262 4 0.199
1 16.38 5 0.2
1 0.302 5 0.201
1 3.531 5 0.202
1 19.053 5 0.203
1 3.431 5 0.204
1 3.578 5 0.205
1 3.66 5 0.206
1 3.963 5 0.207
1 0.308 5 0.208
1 0.302 5 0.209
1 0.31 5 0.21
1 0.346 5 0.211
1 0.34 5 0.212
1 0.264 5 0.213
1 1.454 5 0.214
1 0.282 5 0.215
1 0.292 5 0.216
1 0.27 5 0.217
1 0.307 5 0.218
1 0.267 5 0.219
1 0.278 5 0.22
1 0.265 5 0.221
1 0.311 5 0.222
1 0.274 5 0.223
1 0.293 5 0.224
1 1.66 5 0.225
1 0.254 5 0.226
1 0.236 5 0.227
1 0.257 5 0.228
1 1.491 5 0.229
1 0.26 5 0.23
1 0.254 5 0.231
1 0.319 5 0.232
1 0.296 5 0.233
1 0.3 5 0.234
1 0.303 5 0.235
1 0.284 5 0.236
1 0.531 5 0.237
1 0.294 5 0.238
1 0.294 5 0.239
1 0.283 5 0.24
1 0.284 5 0.241
1 0.299 5 0.242
1 0.249 5 0.243
1 0.287 5 0.244
1 0.291 5 0.245
1 0.298 5 0.246
1 0.284 5 0.247
1 0.288 5 0.248
1 0.284 5 0.249
1 1.675 6 0.25
1 0.375 6 0.251
1 0.326 6 0.252
1 2.772 6 0.253
1 1.455 6 0.254
1 0.308 6 0.255
1 0.322 6 0.256
1 0.325 6 0.257
1 1.801 6 0.258
1 0.464 6 0.259
1 0.303 6 0.26
1 0.318 6 0.261
1 0.36 6 0.262
1 0.302 6 0.263
1 0.296 6 0.264
1 0.313 6 0.265
1 0.296 6 0.266
1 0.29 6 0.267
1 2.197 6 0.268
1 0.327 6 0.269
1 0.336 6 0.27
1 0.3 6 0.271
1 0.328 6 0.272
1 0.307 6 0.273
1 0.301 6 0.274
1 0.406 6 0.275
1 0.399 6 0.276
1 0.312 6 0.277
1 0.265 6 0.278
1 0.951 6 0.279
1 0.292 6 0.28
1 0.304 6 0.281
1 0.313 6 0.282
1 0.308 6 0.283
1 0.329 6 0.284
1 0.284 6 0.286
1 1.528 6 0.287
1 0.292 6 0.288
1 0.3 6 0.289
1 1.755 6 0.29
1 0.28 6 0.291
1 1.705 6 0.292
1 0.277 6 0.293
1 0.351 6 0.294
1 0.299 6 0.295
1 0.275 6 0.296
1 0.286 6 0.297
1 0.293 6 0.298
1 0.269 6 0.299
1 2.167 7 0.3
1 0.293 7 0.301
1 0.288 7 0.302
1 0.287 7 0.303
1 0.284 7 0.304
1 0.277 7 0.305
1 0.276 7 0.306
1 0.294 7 0.307
1 0.329 7 0.308
1 0.301 7 0.309
1 0.33 7 0.31
1 0.323 7 0.311
1 0.314 7 0.312
1 0.326 7 0.313
1 0.322 7 0.314
1 2.279 7 0.315
1 0.368 7 0.316
1 0.303 7 0.317
1 0.303 7 0.318
1 0.359 7 0.319
1 0.466 7 0.32
1 0.287 7 0.322
1 0.333 7 0.323
1 0.338 7 0.324
1 0.343 7 0.325
1 0.42 7 0.326
1 0.419 7 0.327
1 0.326 7 0.328
1 0.327 7 0.329
1 0.33 7 0.33
1 0.394 7 0.331
1 0.311 7 0.332
1 0.358 7 0.333
1 0.399 7 0.334
1 0.317 7 0.335
1 0.366 7 0.336
1 0.323 7 0.337
1 0.299 7 0.338
1 0.286 7 0.339
1 0.321 7 0.34
1 0.374 7 0.341
1 0.319 7 0.342
1 1.663 7 0.343
1 1.794 7 0.344
1 0.338 7 0.345
1 2.346 7 0.346
1 1.889 7 0.347
1 2.03 7 0.348
1 1.8 7 0.349
1 1.63 8 0.351
1 1.66 8 0.352
1 0.293 8 0.353
1 0.327 8 0.354
1 0.276 8 0.355
1 0.273 8 0.356
1 0.247 8 0.357
1 0.333 8 0.358
1 0.333 8 0.359
1 0.334 8 0.36
1 0.335 8 0.361
1 0.335 8 0.362
1 0.334 8 0.363
1 0.389 8 0.364
1 0.333 8 0.365
1 0.354 8 0.366
1 0.332 8 0.367
1 0.334 8 0.368
1 0.334 8 0.369
1 0.332 8 0.37
1 0.333 8 0.371
1 0.342 8 0.372
1 0.332 8 0.373
1 0.329 8 0.374
1 0.348 8 0.375
1 0.386 8 0.376
1 0.351 8 0.377
1 4.44 8 0.378
1 13.755 8 0.379
1 1.201 8 0.38
1 0.32 8 0.381
1 0.363 8 0.382
1 0.346 8 0.383
1 0.325 8 0.384
1 0.316 8 0.385
1 0.335 8 0.386
1 0.327 8 0.387
1 0.328 8 0.388
1 0.336 8 0.389
1 0.335 8 0.39
1 0.338 8 0.391
1 0.406 8 0.392
1 0.336 8 0.393
1 0.433 8 0.394
1 0.263 8 0.395
1 0.361 8 0.396
1 0.353 8 0.397
1 2.042 8 0.398
1 0.384 8 0.399
1 1.806 9 0.4
1 0.388 9 0.401
1 0.354 9 0.402
1 3.3 9 0.403
1 3.204 9 0.404
1 3.139 9 0.405
1 2.95 9 0.406
1 2.654 9 0.407
1 1.969 9 0.41
1 0.36 9 0.412
1 0.344 9 0.413
1 0.343 9 0.415
1 0.339 9 0.416
1 0.342 9 0.417
1 0.336 9 0.418
1 0.429 9 0.419
1 0.368 9 0.42
1 0.294 9 0.421
1 0.304 9 0.422
1 0.367 9 0.423
1 0.363 9 0.424
1 0.319 9 0.425
1 0.338 9 0.426
1 0.43 9 0.427
1 0.345 9 0.428
1 0.359 9 0.429
1 0.341 9 0.43
1 0.285 9 0.431
1 1.952 9 0.432
1 0.348 9 0.433
1 0.318 9 0.434
1 0.34 9 0.435
1 0.35 9 0.436
1 0.343 9 0.437
1 0.33 9 0.438
1 0.345 9 0.439
1 0.365 9 0.44
1 0.34 9 0.441
1 0.316 9 0.442
1 0.352 9 0.443
1 0.352 9 0.444
1 0.348 9 0.445
1 0.352 9 0.446
1 0.358 9 0.447
1 0.359 9 0.448
1 0.343 9 0.449
1 2.087 10 0.45
1 0.353 10 0.451
1 0.342 10 0.452
1 0.369 10 0.453
1 0.382 10 0.454
1 0.378 10 0.455
1 0.361 10 0.456
1 0.382 10 0.457
1 0.354 10 0.458
1 0.376 10 0.459
1 0.324 10 0.46
1 0.387 10 0.461
1 0.384 10 0.462
1 0.366 10 0.463
1 0.396 10 0.464
1 0.402 10 0.465
1 0.345 10 0.466
1 0.359 10 0.467
1 0.355 10 0.468
1 0.363 10 0.469
1 0.36 10 0.47
1 0.351 10 0.471
1 0.37 10 0.472
1 0.361 10 0.473
1 0.354 10 0.474
1 0.369 10 0.475
1 0.352 10 0.476
1 0.378 10 0.477
1 0.354 10 0.478
1 0.35 10 0.479
1 0.382 10 0.48
1 0.354 10 0.481
1 0.376 10 0.482
1 0.377 10 0.483
1 0.365 10 0.484
1 0.359 10 0.485
1 0.391 10 0.486
1 0.361 10 0.487
1 0.367 10 0.488
1 0.378 10 0.489
1 0.365 10 0.49
1 0.382 10 0.491
1 0.36 10 0.492
1 0.379 10 0.493
1 2.118 10 0.494
1 0.388 10 0.495
1 0.407 10 0.496
1 0.397 10 0.497
1 0.342 10 0.498
1 0.39 10 0.499
1 0.426 11 0.501
1 0.388 11 0.502
1 0.447 11 0.503
1 0.419 11 0.504
1 0.361 11 0.505
1 0.409 11 0.506
1 0.391 11 0.507
1 0.402 11 0.508
1 0.383 11 0.509
1 0.427 11 0.51
1 0.306 11 0.511
1 0.413 11 0.512
1 0.383 11 0.513
1 0.356 11 0.514
1 0.368 11 0.515
1 0.352 11 0.516
1 0.375 11 0.517
1 0.365 11 0.518
1 0.43 11 0.519
1 0.468 11 0.52
1 0.368 11 0.521
1 0.355 11 0.522
1 0.353 11 0.523
1 0.381 11 0.524
1 0.359 11 0.525
1 0.359 11 0.526
1 0.434 11 0.527
1 0.358 11 0.528
1 0.359 11 0.529
1 0.366 11 0.53
1 0.436 11 0.531
1 0.36 11 0.532
1 0.282 11 0.533
1 0.358 11 0.534
1 0.44 11 0.535
1 0.356 11 0.536
1 0.357 11 0.537
1 0.357 11 0.538
1 0.417 11 0.539
1 0.405 11 0.54
1 0.379 11 0.541
1 0.468 11 0.542
1 0.428 11 0.543
1 0.455 11 0.544
1 0.428 11 0.545
1 0.331 11 0.546
1 0.391 11 0.547
1 0.358 11 0.548
1 0.403 11 0.549
1 2.575 12 0.55
1 0.464 12 0.551
1 0.36 12 0.552
1 0.406 12 0.553
1 0.367 12 0.554
1 0.374 12 0.555
1 3.063 12 0.556
1 0.447 12 0.557
1 0.433 12 0.558
1 0.426 12 0.559
1 0.46 12 0.56
1 0.309 12 0.561
1 0.367 12 0.562
1 0.379 12 0.563
1 0.383 12 0.564
1 0.369 12 0.565
1 0.375 12 0.566
1 0.371 12 0.567
1 2.175 12 0.568
1 0.369 12 0.569
1 0.364 12 0.57
1 0.373 12 0.571
1 0.367 12 0.572
1 0.365 12 0.573
1 0.367 12 0.574
1 0.384 12 0.575
1 0.372 12 0.576
1 0.307 12 0.577
1 0.305 12 0.578
1 0.371 12 0.579
1 0.365 12 0.58
1 0.341 12 0.581
1 0.38 12 0.582
1 0.373 12 0.583
1 0.374 12 0.584
1 0.403 12 0.585
1 0.431 12 0.586
1 0.599 12 0.587
1 0.426 12 0.588
1 0.428 12 0.589
1 0.425 12 0.59
1 0.702 12 0.591
1 0.404 12 0.592
1 0.372 12 0.593
1 0.374 12 0.594
1 0.427 12 0.595
1 0.462 12 0.596
1 0.459 12 0.597
1 0.447 12 0.598
1 0.452 12 0.599
1 3.866 13 0.6
1 0.464 13 0.601
1 0.419 13 0.602
1 0.408 13 0.603
1 0.442 13 0.604
1 0.397 13 0.605
1 0.408 13 0.606
1 0.512 13 0.607
1 0.404 13 0.608
1 0.396 13 0.609
1 0.479 13 0.61
1 0.343 13 0.611
1 0.422 13 0.612
1 0.418 13 0.613
1 0.452 13 0.614
1 0.401 13 0.615
1 0.415 13 0.616
1 0.405 13 0.617
1 0.483 13 0.618
1 0.483 13 0.619
1 0.407 13 0.62
1 0.434 13 0.621
1 3.601 13 0.622
1 0.41 13 0.623
1 0.383 13 0.624
1 0.446 13 0.625
1 0.504 13 0.626
1 0.461 13 0.627
1 0.493 13 0.628
1 0.383 13 0.629
1 0.495 13 0.63
1 3.421 13 0.631
1 0.386 13 0.632
1 0.473 13 0.633
1 3.34 13 0.634
1 0.472 13 0.635
1 0.382 13 0.636
1 4.011 13 0.637
1 4.509 13 0.638
1 0.385 13 0.639
1 0.384 13 0.64
1 0.457 13 0.641
1 0.435 13 0.642
1 0.43 13 0.643
1 0.384 13 0.644
1 0.469 13 0.645
1 0.47 13 0.646
1 0.388 13 0.647
1 0.441 13 0.648
1 0.435 13 0.649
1 4.377 14 0.65
1 0.503 14 0.651
1 0.482 14 0.652
1 0.4 14 0.653
1 4.651 14 0.654
1 0.409 14 0.655
1 0.437 14 0.656
1 0.38 14 0.657
1 0.45 14 0.658
1 0.451 14 0.659
1 0.378 14 0.66
1 0.392 14 0.661
1 0.628 14 0.662
1 0.443 14 0.663
1 0.495 14 0.664
1 0.445 14 0.665
1 0.415 14 0.666
1 0.462 14 0.667
1 0.534 14 0.668
1 0.49 14 0.669
1 0.419 14 0.67
1 0.488 14 0.671
1 0.563 14 0.672
1 0.826 14 0.673
1 0.531 14 0.674
1 0.468 14 0.675
1 0.421 14 0.676
1 0.447 14 0.677
1 0.387 14 0.678
1 0.405 14 0.679
1 0.524 14 0.68
1 4.217 14 0.681
1 0.424 14 0.682
1 0.4 14 0.683
1 0.571 14 0.684
1 0.584 14 0.685
1 0.51 14 0.686
1 0.461 14 0.687
1 0.517 14 0.688
1 0.496 14 0.689
1 0.398 14 0.69
1 0.497 14 0.691
1 0.448 14 0.692
1 0.4 14 0.693
1 0.447 14 0.694
1 0.529 14 0.695
1 3.796 14 0.696
1 0.471 14 0.697
1 0.424 14 0.698
1 0.493 14 0.699
1 4.235 15 0.7
1 0.507 15 0.701
1 0.438 15 0.702
1 0.543 15 0.703
1 0.395 15 0.704
1 0.653 15 0.705
1 0.885 15 0.706
1 0.514 15 0.707
1 0.391 15 0.708
1 0.499 15 0.709
1 0.427 15 0.71
1 0.49 15 0.711
1 0.414 15 0.712
1 0.637 15 0.713
1 0.452 15 0.714
1 0.452 15 0.715
1 0.453 15 0.716
1 0.399 15 0.717
1 0.534 15 0.718
1 0.467 15 0.719
1 0.475 15 0.72
1 0.518 15 0.721
1 0.528 15 0.722
1 0.385 15 0.723
1 0.379 15 0.724
1 0.384 15 0.725
1 0.379 15 0.726
1 0.634 15 0.727
1 0.504 15 0.728
1 0.427 15 0.729
1 0.373 15 0.73
1 0.425 15 0.731
1 0.472 15 0.732
1 0.5 15 0.733
1 0.523 15 0.734
1 0.451 15 0.735
1 0.533 15 0.736
1 0.54 15 0.737
1 0.44 15 0.738
1 0.445 15 0.739
1 0.549 15 0.74
1 0.482 15 0.741
1 0.468 15 0.742
1 0.556 15 0.743
1 0.448 15 0.744
1 0.522 15 0.745
1 0.562 15 0.746
1 0.542 15 0.747
1 0.441 15 0.748
1 0.515 15 0.749
1 5.025 16 0.75
1 5.036 16 0.751
1 0.459 16 0.752
1 5.497 16 0.753
1 0.375 16 0.754
1 0.432 16 0.755
1 0.426 16 0.756
1 0.502 16 0.757
1 0.519 16 0.758
1 0.496 16 0.759
1 0.5 16 0.76
1 5.072 16 0.761
1 0.476 16 0.762
1 0.476 16 0.763
1 0.457 16 0.764
1 0.507 16 0.765
1 0.522 16 0.766
1 0.477 16 0.767
1 0.469 16 0.768
1 0.442 16 0.769
1 0.546 16 0.77
1 0.564 16 0.771
1 0.53 16 0.772
1 0.504 16 0.773
1 0.457 16 0.774
1 0.462 16 0.775
1 0.464 16 0.776
1 0.473 16 0.777
1 0.496 16 0.778
1 0.48 16 0.779
1 0.724 16 0.78
1 0.389 16 0.781
1 0.543 16 0.782
1 0.54 16 0.783
1 0.41 16 0.784
1 0.464 16 0.785
1 0.418 16 0.786
1 0.432 16 0.787
1 0.461 16 0.788
1 0.449 16 0.789
1 0.442 16 0.79
1 0.435 16 0.791
1 0.43 16 0.792
1 0.614 16 0.793
1 0.631 16 0.794
1 0.505 16 0.795
1 5.268 16 0.796
1 0.412 16 0.797
1 0.448 16 0.798
1 0.416 16 0.799
1 5.399 17 0.8
1 0.457 17 0.801
1 0.426 17 0.802
1 0.461 17 0.803
1 0.527 17 0.804
1 0.443 17 0.805
1 0.458 17 0.806
1 0.469 17 0.807
1 0.446 17 0.808
1 0.469 17 0.809
1 0.446 17 0.81
1 0.459 17 0.811
1 0.458 17 0.812
1 0.46 17 0.813
1 0.46 17 0.814
1 0.543 17 0.815
1 0.516 17 0.816
1 0.46 17 0.817
1 0.473 17 0.818
1 0.464 17 0.819
1 0.522 17 0.82
1 0.433 17 0.821
1 0.471 17 0.822
1 0.421 17 0.823
1 0.472 17 0.824
1 5.766 17 0.825
1 0.476 17 0.826
1 128.445 17 0.828
1 114.005 17 0.829
1 74.236 17 0.83
1 3.316 17 0.831
1 0.531 17 0.832
1 0.488 17 0.833
1 0.523 17 0.834
1 0.404 17 0.835
1 0.495 17 0.836
1 0.558 17 0.837
1 0.55 17 0.838
1 0.583 17 0.839
1 0.526 17 0.84
1 0.512 17 0.841
1 0.478 17 0.842
1 0.557 17 0.843
1 0.513 17 0.844
1 0.517 17 0.845
1 0.595 17 0.846
1 0.534 17 0.847
1 0.488 17 0.848
1 0.511 17 0.849
1 3.358 18 0.85
1 0.538 18 0.851
1 0.519 18 0.852
1 0.48 18 0.853
1 0.482 18 0.854
1 0.481 18 0.855
1 0.48 18 0.856
1 0.469 18 0.857
1 0.478 18 0.858
1 0.476 18 0.859
1 0.48 18 0.86
1 0.477 18 0.861
1 0.483 18 0.862
1 0.48 18 0.863
1 0.48 18 0.864
1 0.462 18 0.865
1 0.46 18 0.866
1 0.535 18 0.867
1 0.477 18 0.868
1 0.476 18 0.869
1 0.489 18 0.87
1 0.475 18 0.871
1 0.463 18 0.872
1 0.684 18 0.873
1 0.7 18 0.874
1 0.691 18 0.875
1 0.61 18 0.876
1 0.753 18 0.877
1 0.702 18 0.878
1 0.733 18 0.879
1 0.647 18 0.88
1 0.709 18 0.881
1 0.699 18 0.882
1 0.667 18 0.883
1 0.608 18 0.884
1 0.776 18 0.885
1 0.606 18 0.886
1 0.533 18 0.887
1 0.604 18 0.888
1 0.481 18 0.889
1 0.565 18 0.89
1 0.55 18 0.891
1 0.561 18 0.892
1 0.524 18 0.893
1 0.556 18 0.894
1 0.539 18 0.895
1 0.53 18 0.896
1 0.568 18 0.897
1 0.513 18 0.898
1 0.479 18 0.899
1 5.029 19 0.9
1 0.553 19 0.901
1 0.51 19 0.902
1 0.507 19 0.903
1 0.486 19 0.904
1 0.533 19 0.905
1 0.594 19 0.906
1 0.669 19 0.907
1 0.51 19 0.908
1 0.547 19 0.909
1 0.575 19 0.91
1 0.571 19 0.911
1 0.686 19 0.912
1 0.513 19 0.913
1 0.526 19 0.914
1 0.439 19 0.915
1 0.521 19 0.916
1 0.535 19 0.917
1 0.531 19 0.918
1 0.574 19 0.919
1 0.503 19 0.92
1 0.578 19 0.921
1 0.514 19 0.922
1 0.538 19 0.923
1 0.581 19 0.924
1 0.544 19 0.925
1 0.566 19 0.926
1 0.515 19 0.927
1 0.535 19 0.928
1 0.549 19 0.929
1 0.694 19 0.93
1 0.604 19 0.931
1 0.715 19 0.932
1 0.615 19 0.933
1 0.539 19 0.934
1 0.71 19 0.935
1 0.578 19 0.936
1 0.494 19 0.937
1 0.636 19 0.938
1 0.604 19 0.939
1 0.515 19 0.94
1 0.528 19 0.941
1 0.502 19 0.942
1 0.521 19 0.943
1 0.541 19 0.944
1 0.573 19 0.945
1 4.926 19 0.946
1 0.54 19 0.947
1 0.518 19 0.948
1 0.523 19 0.949
1 5.172 20 0.95
1 0.476 20 0.951
1 0.57 20 0.952
1 0.573 20 0.953
1 5.216 20 0.954
1 0.619 20 0.955
1 0.604 20 0.956
1 0.528 20 0.957
1 0.526 20 0.958
1 0.729 20 0.959
1 0.571 20 0.96
1 0.544 20 0.961
1 0.571 20 0.962
1 0.542 20 0.963
1 0.528 20 0.964
1 0.531 20 0.965
1 0.522 20 0.966
1 0.615 20 0.967
1 0.553 20 0.968
1 0.644 20 0.969
1 0.528 20 0.97
1 0.528 20 0.971
1 0.529 20 0.972
1 0.537 20 0.973
1 0.545 20 0.974
1 0.626 20 0.975
1 0.589 20 0.976
1 0.544 20 0.977
1 0.527 20 0.978
1 0.523 20 0.979
1 0.608 20 0.98
1 0.696 20 0.981
1 0.619 20 0.982
1 0.622 20 0.983
1 0.591 20 0.984
1 4.891 20 0.985
1 0.548 20 0.986
1 0.559 20 0.987
1 0.548 20 0.988
1 0.586 20 0.989
1 0.526 20 0.99
1 0.553 20 0.991
1 0.525 20 0.992
1 0.541 20 0.993
1 0.671 20 0.994
1 0.552 20 0.995
1 0.677 20 0.996
1 0.53 20 0.997
1 0.669 20 0.998
1 0.715 20 0.999
1 5.344 21 1
1 0.554 21 1.001
1 0.719 21 1.002
1 0.541 21 1.003
1 0.576 21 1.004
1 0.512 21 1.005
1 0.684 21 1.006
1 0.555 21 1.007
1 0.71 21 1.008
1 0.587 21 1.009
1 0.552 21 1.01
1 0.561 21 1.011
1 0.644 21 1.012
1 0.553 21 1.013
1 0.538 21 1.014
1 0.762 21 1.015
1 0.551 21 1.016
1 0.556 21 1.017
1 0.614 21 1.018
1 0.769 21 1.019
1 0.7 21 1.02
1 0.704 21 1.021
1 0.646 21 1.022
1 0.697 21 1.023
1 0.657 21 1.024
1 0.727 21 1.025
1 0.638 21 1.026
1 0.76 21 1.027
1 0.724 21 1.028
1 0.754 21 1.029
1 0.694 21 1.03
1 0.771 21 1.031
1 0.699 21 1.032
1 0.754 21 1.033
1 0.724 21 1.034
1 0.693 21 1.035
1 0.667 21 1.036
1 0.812 21 1.037
1 0.673 21 1.038
1 0.758 21 1.039
1 0.645 21 1.04
1 0.666 21 1.041
1 0.667 21 1.042
1 173.665 21 1.043
1 181.4 21 1.044
1 4.206 21 1.045
1 0.738 21 1.046
1 0.651 21 1.047
1 0.695 21 1.048
1 0.708 21 1.049
1 6.25 21 1.05
1 6.371 22 1.051
1 0.591 22 1.052
1 0.596 22 1.053
1 0.592 22 1.054
1 0.597 22 1.055
1 0.659 22 1.056
1 0.632 22 1.057
1 0.61 22 1.058
1 0.688 22 1.059
1 0.596 22 1.06
1 0.599 22 1.061
1 0.593 22 1.062
1 0.606 22 1.063
1 0.6 22 1.064
1 0.625 22 1.065
1 0.593 22 1.066
1 0.53 22 1.067
1 0.611 22 1.068
1 0.598 22 1.069
1 0.6 22 1.07
1 0.591 22 1.071
1 0.703 22 1.072
1 0.638 22 1.073
1 0.607 22 1.074
1 0.64 22 1.075
1 0.615 22 1.076
1 0.644 22 1.077
1 0.598 22 1.078
1 0.598 22 1.079
1 0.591 22 1.08
1 0.581 22 1.081
1 0.606 22 1.082
1 0.582 22 1.083
1 0.63 22 1.084
1 0.639 22 1.085
1 0.966 22 1.086
1 0.751 22 1.087
1 0.675 22 1.088
1 0.669 22 1.089
1 0.61 22 1.09
1 0.589 22 1.091
1 0.595 22 1.092
1 0.753 22 1.093
1 0.627 22 1.094
1 0.618 22 1.095
1 0.625 22 1.096
1 0.641 22 1.097
1 0.604 22 1.098
1 0.604 22 1.099
1 0.68 22 1.1
1 9.352 23 1.101
1 0.63 23 1.102
1 0.747 23 1.103
1 0.62 23 1.104
1 0.777 23 1.105
1 8.849 23 1.106
1 8.755 23 1.107
1 0.642 23 1.108
1 0.619 23 1.109
1 0.611 23 1.11
1 0.615 23 1.111
1 0.638 23 1.112
1 0.62 23 1.113
1 0.761 23 1.114
1 0.726 23 1.115
1 0.652 23 1.116
1 0.643 23 1.117
1 0.702 23 1.118
1 8.969 23 1.119
1 0.619 23 1.12
1 0.605 23 1.121
1 0.613 23 1.122
1 8.9 23 1.123
1 0.607 23 1.124
1 0.75 23 1.125
1 0.611 23 1.126
1 0.606 23 1.127
1 0.67 23 1.128
1 0.802 23 1.129
1 0.588 23 1.13
1 0.807 23 1.131
1 5.502 23 1.132
1 0.558 23 1.133
1 8.647 23 1.134
1 0.665 23 1.135
1 0.675 23 1.136
1 0.689 23 1.137
1 0.702 23 1.138
1 0.583 23 1.139
1 0.548 23 1.14
1 0.566 23 1.141
1 0.567 23 1.142
1 0.721 23 1.143
1 0.692 23 1.144
1 0.876 23 1.145
1 0.571 23 1.146
1 0.653 23 1.147
1 0.742 23 1.148
1 1.004 23 1.149
1 0.597 23 1.15
1 9.319 24 1.151
1 0.741 24 1.152
1 0.693 24 1.153
1 0.678 24 1.154
1 0.74 24 1.155
1 0.584 24 1.156
1 0.716 24 1.157
1 0.895 24 1.158
1 0.719 24 1.159
1 1.056 24 1.16
1 0.76 24 1.161
1 0.583 24 1.162
1 0.816 24 1.163
1 0.803 24 1.164
1 0.574 24 1.165
1 0.69 24 1.167
1 7.74 24 1.168
1 0.583 24 1.169
1 1.108 24 1.17
1 0.769 24 1.171
1 0.61 24 1.172
1 0.689 24 1.173
1 1.254 24 1.174
1 0.739 24 1.175
1 0.626 24 1.176
1 0.88 24 1.177
1 0.742 24 1.178
1 0.831 24 1.179
1 0.656 24 1.18
1 0.603 24 1.181
1 0.716 24 1.182
1 0.597 24 1.183
1 0.877 24 1.184
1 0.786 24 1.185
1 0.757 24 1.186
1 0.723 24 1.187
1 0.694 24 1.188
1 0.593 24 1.189
1 0.64 24 1.19
1 0.746 24 1.191
1 0.606 24 1.192
1 0.749 24 1.193
1 0.82 24 1.194
1 0.709 24 1.195
1 0.682 24 1.196
1 0.641 24 1.197
1 0.618 24 1.198
1 0.748 24 1.199
1 0.761 24 1.2
1 8.695 25 1.201
1 1.281 25 1.202
1 0.984 25 1.203
1 0.728 25 1.204
1 0.782 25 1.205
1 0.864 25 1.206
1 0.883 25 1.207
1 0.96 25 1.208
1 0.587 25 1.209
1 0.612 25 1.21
1 0.774 25 1.211
1 1.128 25 1.212
1 0.806 25 1.213
1 0.93 25 1.214
1 1.567 25 1.215
1 0.753 25 1.216
1 1.176 25 1.217
1 0.607 25 1.218
1 0.622 25 1.219
1 1.483 25 1.22
1 0.836 25 1.221
1 7.715 25 1.222
1 0.594 25 1.223
1 1.531 25 1.224
1 0.737 25 1.225
1 0.61 25 1.226
1 1.329 25 1.227
1 0.605 25 1.228
1 0.863 25 1.229
1 7.644 25 1.23
1 0.797 25 1.231
1 0.803 25 1.232
1 8.225 25 1.233
1 0.669 25 1.234
1 0.611 25 1.235
1 0.65 25 1.236
1 0.767 25 1.237
1 0.611 25 1.238
1 0.678 25 1.239
1 0.659 25 1.24
1 9.149 25 1.241
1 0.63 25 1.242
1 0.626 25 1.243
1 8.841 25 1.244
1 0.607 25 1.246
1 9.351 25 1.247
1 0.744 25 1.248
1 6.769 25 1.249
1 6.729 25 1.25
1 7.74 26 1.251
1 7.607 26 1.252
1 0.731 26 1.253
1 0.89 26 1.254
1 7.209 26 1.255
1 0.811 26 1.256
1 0.714 26 1.257
1 0.703 26 1.259
1 0.71 26 1.26
1 7.014 26 1.264
1 0.706 26 1.265
1 7.871 26 1.266
1 0.942 26 1.267
1 7.186 26 1.268
1 0.825 26 1.269
1 0.727 26 1.27
1 0.743 26 1.271
1 0.735 26 1.272
1 5.195 26 1.273
1 0.764 26 1.274
1 0.725 26 1.275
1 0.738 26 1.276
1 0.718 26 1.277
1 0.732 26 1.278
1 0.727 26 1.279
1 0.72 26 1.28
1 1.36 26 1.281
1 267.519 26 1.282
1 288.975 26 1.283
1 6.576 26 1.284
1 0.887 26 1.285
1 1.096 26 1.286
1 0.763 26 1.287
1 0.779 26 1.288
1 0.917 26 1.289
1 0.812 26 1.29
1 0.795 26 1.291
1 0.85 26 1.292
1 0.788 26 1.293
1 0.726 26 1.294
1 0.744 26 1.295
1 0.77 26 1.296
1 0.742 26 1.297
1 0.77 26 1.298
1 1.045 26 1.299
1 1.06 26 1.3
1 6.55 27 1.301
1 6.033 27 1.303
1 0.797 27 1.304
1 0.831 27 1.305
1 1.13 27 1.306
1 0.757 27 1.307
1 5.861 27 1.308
1 0.767 27 1.309
1 0.788 27 1.31
1 0.972 27 1.311
1 0.728 27 1.312
1 0.738 27 1.313
1 0.819 27 1.314
1 0.738 27 1.315
1 0.838 27 1.316
1 0.752 27 1.317
1 0.858 27 1.318
1 0.774 27 1.319
1 2.804 27 1.32
1 0.992 27 1.321
1 0.778 27 1.322
1 0.742 27 1.323
1 0.747 27 1.324
1 0.805 27 1.325
1 0.726 27 1.326
1 0.753 27 1.327
1 0.75 27 1.328
1 0.742 27 1.329
1 0.753 27 1.33
1 0.748 27 1.331
1 0.751 27 1.332
1 0.751 27 1.333
1 0.732 27 1.334
1 0.724 27 1.335
1 0.739 27 1.336
1 0.739 27 1.337
1 0.744 27 1.338
1 0.751 27 1.339
1 0.922 27 1.34
1 0.735 27 1.341
1 0.728 27 1.342
1 0.724 27 1.343
1 0.74 27 1.344
1 0.785 27 1.345
1 0.833 27 1.346
1 0.978 27 1.347
1 1.123 27 1.348
1 0.733 27 1.35
1 7.595 28 1.351
1 0.78 28 1.352
1 1.047 28 1.353
1 0.859 28 1.354
1 1.422 28 1.355
1 0.771 28 1.356
1 0.759 28 1.357
1 0.77 28 1.358
1 0.78 28 1.359
1 2.217 28 1.36
1 1.348 28 1.361
1 0.847 28 1.362
1 0.8 28 1.363
1 0.771 28 1.364
1 0.782 28 1.365
1 0.794 28 1.366
1 1.566 28 1.367
1 1.346 28 1.368
1 0.807 28 1.369
1 1.08 28 1.37
1 2.12 28 1.371
1 0.781 28 1.372
1 1.522 28 1.373
1 1.058 28 1.374
1 1.535 28 1.375
1 2.126 28 1.376
1 1.774 28 1.377
1 0.998 28 1.378
1 10.916 28 1.379
1 2.039 28 1.38
1 1.002 28 1.381
1 0.816 28 1.382
1 1.08 28 1.383
1 1.339 28 1.384
1 1.097 28 1.385
1 1.206 28 1.386
1 0.871 28 1.387
1 1.302 28 1.388
1 0.786 28 1.389
1 0.993 28 1.39
1 0.916 28 1.391
1 1.223 28 1.392
1 0.92 28 1.393
1 1.109 28 1.394
1 1.725 28 1.395
1 1.004 28 1.396
1 0.779 28 1.397
1 0.774 28 1.398
1 0.966 28 1.399
1 0.765 28 1.4
1 8.896 29 1.401
1 0.812 29 1.402
1 0.795 29 1.403
1 1.461 29 1.404
1 1.62 29 1.405
1 0.88 29 1.406
1 0.849 29 1.407
1 0.827 29 1.408
1 0.807 29 1.409
1 0.802 29 1.41
1 0.955 29 1.411
1 1.069 29 1.412
1 1.397 29 1.413
1 1.103 29 1.414
1 1.08 29 1.415
1 0.829 29 1.416
1 1.009 29 1.417
1 1.079 29 1.418
1 0.793 29 1.419
1 1.154 29 1.42
1 1.191 29 1.421
1 2.201 29 1.422
1 0.784 29 1.423
1 0.833 29 1.424
1 6.537 29 1.425
1 1.035 29 1.426
1 1.014 29 1.427
1 0.802 29 1.428
1 0.993 29 1.429
1 0.791 29 1.43
1 0.805 29 1.431
1 0.898 29 1.432
1 0.816 29 1.433
1 0.799 29 1.434
1 0.814 29 1.435
1 0.816 29 1.436
1 0.854 29 1.437
1 0.859 29 1.438
1 0.978 29 1.439
1 0.811 29 1.44
1 0.8 29 1.441
1 0.826 29 1.442
1 0.877 29 1.443
1 0.847 29 1.444
1 0.989 29 1.445
1 0.868 29 1.446
1 0.835 29 1.447
1 0.934 29 1.448
1 2.357 29 1.449
1 1.22 29 1.45
1 7.662 30 1.451
1 7.438 30 1.452
1 7.982 30 1.453
1 6.048 30 1.454
1 0.881 30 1.455
1 0.882 30 1.456
1 0.907 30 1.457
1 0.881 30 1.458
1 0.977 30 1.459
1 0.924 30 1.46
1 0.902 30 1.461
1 0.911 30 1.462
1 0.899 30 1.463
1 0.872 30 1.464
1 0.866 30 1.465
1 0.888 30 1.466
1 0.877 30 1.467
1 1.026 30 1.468
1 0.914 30 1.469
1 0.895 30 1.47
1 0.882 30 1.471
1 0.967 30 1.472
1 0.879 30 1.473
1 0.894 30 1.474
1 0.868 30 1.475
1 0.91 30 1.476
1 0.945 30 1.477
1 1.131 30 1.478
1 1.121 30 1.479
1 1 30 1.48
1 1.076 30 1.481
1 1.329 30 1.482
1 1.464 30 1.483
1 1.274 30 1.484
1 1.137 30 1.485
1 0.927 30 1.486
1 0.909 30 1.487
1 0.926 30 1.488
1 0.874 30 1.489
1 1.365 30 1.49
1 479.491 30 1.491
1 0.874 30 1.493
1 0.867 30 1.494
1 0.871 30 1.495
1 1.005 30 1.496
1 0.901 30 1.497
1 0.83 30 1.498
1 0.888 30 1.499
1 9.169 31 1.501
1 0.945 31 1.502
1 1.148 31 1.503
1 1.077 31 1.504
1 0.998 31 1.505
1 1.031 31 1.506
1 0.943 31 1.507
1 1.043 31 1.508
1 1.125 31 1.509
1 0.921 31 1.51
1 0.913 31 1.511
1 0.924 31 1.512
1 0.918 31 1.513
1 0.863 31 1.514
1 1.04 31 1.515
1 1.651 31 1.516
1 1.047 31 1.517
1 1.14 31 1.518
1 1.075 31 1.519
1 1.112 31 1.52
1 1.029 31 1.521
1 1.015 31 1.522
1 1.009 31 1.523
1 0.934 31 1.524
1 0.939 31 1.525
1 0.921 31 1.526
1 1.526 31 1.527
1 0.912 31 1.528
1 0.976 31 1.529
1 1.199 31 1.53
1 1.094 31 1.531
1 1.225 31 1.532
1 0.995 31 1.533
1 0.97 31 1.534
1 0.962 31 1.535
1 1.113 31 1.536
1 1.077 31 1.537
1 1.435 31 1.538
1 1.152 31 1.539
1 0.944 31 1.54
1 0.926 31 1.541
1 1.087 31 1.542
1 0.907 31 1.543
1 0.933 31 1.544
1 4.123 31 1.545
1 1.611 31 1.546
1 2.296 31 1.547
1 1.317 31 1.548
1 13.363 31 1.55
1 3.752 32 1.552
1 15.546 32 1.553
1 1.986 32 1.554
1 11.899 32 1.555
1 2.998 32 1.556
1 0.961 32 1.557
1 1.365 32 1.558
1 0.982 32 1.559
1 2.064 32 1.56
1 1.212 32 1.561
1 1.593 32 1.562
1 1.035 32 1.563
1 3.024 32 1.564
1 1.287 32 1.565
1 0.969 32 1.566
1 1.249 32 1.567
1 1.158 32 1.568
1 0.989 32 1.569
1 0.934 32 1.57
1 1.017 32 1.571
1 1.331 32 1.572
1 1.571 32 1.573
1 1.2 32 1.574
1 2.043 32 1.575
1 1.474 32 1.576
1 1.025 32 1.577
1 1.591 32 1.578
1 13.18 32 1.579
1 1.003 32 1.58
1 1.335 32 1.581
1 1.287 32 1.582
1 1.058 32 1.583
1 1.041 32 1.584
1 1.472 32 1.585
1 1.092 32 1.586
1 1.16 32 1.587
1 1.117 32 1.588
1 1.241 32 1.589
1 0.938 32 1.59
1 1.071 32 1.591
1 1.012 32 1.592
1 1.093 32 1.593
1 1.418 32 1.594
1 0.956 32 1.595
1 1.241 32 1.596
1 1.004 32 1.597
1 1.279 32 1.598
1 1.214 32 1.599
1 1.012 32 1.6
1 1.328 33 1.602
1 1.124 33 1.603
1 1.41 33 1.604
1 1.09 33 1.605
1 1.317 33 1.606
1 1.108 33 1.607
1 1.161 33 1.608
1 1.012 33 1.609
1 1.089 33 1.61
1 1.023 33 1.611
1 1.211 33 1.612
1 1.518 33 1.613
1 1.334 33 1.614
1 1.187 33 1.615
1 1.013 33 1.616
1 1.202 33 1.617
1 1.161 33 1.618
1 1.516 33 1.619
1 1.082 33 1.62
1 1.08 33 1.621
1 1.422 33 1.622
1 1.057 33 1.623
1 1.11 33 1.624
1 1.042 33 1.625
1 1.058 33 1.626
1 1.121 33 1.627
1 1.092 33 1.628
1 1.332 33 1.629
1 1.407 33 1.63
1 1.199 33 1.631
1 1.174 33 1.632
1 0.957 33 1.633
1 16.426 33 1.634
1 1.166 33 1.635
1 1.325 33 1.636
1 0.978 33 1.637
1 1.267 33 1.638
1 1.099 33 1.639
1 0.992 33 1.64
1 1.191 33 1.641
1 1.071 33 1.642
1 1.05 33 1.643
1 1.123 33 1.644
1 1.247 33 1.645
1 1.795 33 1.646
1 1.218 33 1.647
1 1.237 33 1.648
1 1.312 33 1.649
1 1.088 33 1.65
1 17.78 34 1.651
1 1.066 34 1.652
1 1.646 34 1.653
1 1.425 34 1.654
1 1.206 34 1.655
1 1.049 34 1.656
1 16.077 34 1.657
1 1.381 34 1.658
1 1.13 34 1.659
1 1.347 34 1.66
1 1.164 34 1.661
1 1.584 34 1.662
1 1.46 34 1.663
1 1.368 34 1.664
1 1.526 34 1.665
1 1.04 34 1.666
1 1.476 34 1.667
1 1.135 34 1.668
1 1.115 34 1.669
1 1.061 34 1.67
1 17.809 34 1.671
1 1.019 34 1.672
1 1.017 34 1.673
1 1.021 34 1.674
1 1.013 34 1.675
1 1.024 34 1.676
1 1.001 34 1.677
1 1.011 34 1.678
1 1.094 34 1.679
1 1.001 34 1.68
1 1.02 34 1.681
1 1.031 34 1.682
1 1.017 34 1.683
1 1.021 34 1.684
1 1.01 34 1.685
1 1.023 34 1.686
1 1.022 34 1.687
1 1.008 34 1.688
1 1.04 34 1.689
1 1.023 34 1.69
1 1.04 34 1.691
1 1.198 34 1.692
1 1.03 34 1.693
1 1.092 34 1.694
1 1.239 34 1.695
1 1.024 34 1.696
1 1.042 34 1.697
1 2.42 34 1.698
1 1.112 34 1.699
1 1.124 34 1.7
1 17.984 35 1.701
1 1.415 35 1.702
1 1.068 35 1.703
1 1.222 35 1.704
1 1.16 35 1.705
1 1.061 35 1.706
1 1.077 35 1.707
1 1.086 35 1.708
1 1.337 35 1.709
1 1.065 35 1.71
1 1.058 35 1.711
1 1.068 35 1.712
1 1.031 35 1.713
1 1.166 35 1.714
1 1.045 35 1.715
1 1.161 35 1.716
1 1.095 35 1.717
1 1.032 35 1.718
1 1.05 35 1.719
1 1.099 35 1.72
1 1.067 35 1.721
1 1.044 35 1.722
1 1.046 35 1.723
1 1.119 35 1.724
1 1.059 35 1.725
1 1.074 35 1.726
1 1.069 35 1.727
1 1.058 35 1.728
1 1.094 35 1.729
1 1.083 35 1.73
1 1.115 35 1.731
1 1.072 35 1.732
1 1467.24 35 1.734
1 996.341 35 1.735
1 9.324 35 1.737
1 1.058 35 1.738
1 9.639 35 1.739
1 1.122 35 1.74
1 10.56 35 1.741
1 1.057 35 1.742
1 1.055 35 1.743
1 1.052 35 1.744
1 1.161 35 1.745
1 1.05 35 1.746
1 1.043 35 1.747
1 1.054 35 1.748
1 1.046 35 1.749
1 1.051 35 1.75
1 11.688 36 1.751
1 1.111 36 1.752
1 1.091 36 1.753
1 1.078 36 1.754
1 1.083 36 1.755
1 1.083 36 1.756
1 1.024 36 1.757
1 1.084 36 1.758
1 1.093 36 1.759
1 1.09 36 1.76
1 1.074 36 1.761
1 1.198 36 1.762
1 1.099 36 1.763
1 1.087 36 1.764
1 1.085 36 1.765
1 1.086 36 1.766
1 1.079 36 1.767
1 1.056 36 1.768
1 1.149 36 1.769
1 1.079 36 1.77
1 1.075 36 1.771
1 1.067 36 1.772
1 1.084 36 1.773
1 1.116 36 1.774
1 1.144 36 1.775
1 1.308 36 1.776
1 1.381 36 1.777
1 1.158 36 1.778
1 1.189 36 1.779
1 1.259 36 1.78
1 1.377 36 1.781
1 1.083 36 1.782
1 1.418 36 1.783
1 1.207 36 1.784
1 1.103 36 1.785
1 1.352 36 1.786
1 1.133 36 1.787
1 1.08 36 1.788
1 1.142 36 1.789
1 1.127 36 1.79
1 1.226 36 1.791
1 1.1 36 1.792
1 1.072 36 1.793
1 1.127 36 1.794
1 1.335 36 1.795
1 1.51 36 1.796
1 1.284 36 1.797
1 1.265 36 1.798
1 1.48 36 1.799
1 1.113 36 1.8
1 1.156 37 1.802
1 1.215 37 1.803
1 1.185 37 1.804
1 1.202 37 1.805
1 1.23 37 1.806
1 1.453 37 1.807
1 1.163 37 1.808
1 1.216 37 1.809
1 1.146 37 1.81
1 1.167 37 1.811
1 1.382 37 1.812
1 1.412 37 1.813
1 1.222 37 1.814
1 1.279 37 1.815
1 1.42 37 1.816
1 1.363 37 1.817
1 1.128 37 1.818
1 1.16 37 1.819
1 1.305 37 1.82
1 1.144 37 1.821
1 1.626 37 1.822
1 1.175 37 1.823
1 1.152 37 1.824
1 1.353 37 1.825
1 1.512 37 1.826
1 1.113 37 1.827
1 1.191 37 1.828
1 1.169 37 1.829
1 1.283 37 1.83
1 1.314 37 1.831
1 1.48 37 1.832
1 1.268 37 1.833
1 1.204 37 1.834
1 1.28 37 1.835
1 1.293 37 1.836
1 1.156 37 1.837
1 1.259 37 1.838
1 1.15 37 1.839
1 1.198 37 1.84
1 1.167 37 1.841
1 1.339 37 1.842
1 1.476 37 1.843
1 1.407 37 1.844
1 1.378 37 1.845
1 1.139 37 1.846
1 1.154 37 1.847
1 1.206 37 1.848
1 1.24 37 1.849
1 1.192 37 1.85
1 13.127 38 1.851
1 1.242 38 1.852
1 1.186 38 1.853
1 1.209 38 1.854
1 2.398 38 1.855
1 1.647 38 1.856
1 2.38 38 1.857
1 1.844 38 1.858
1 1.543 38 1.859
1 2.461 38 1.86
1 1.471 38 1.861
1 1.639 38 1.862
1 2.575 38 1.863
1 1.527 38 1.864
1 1.769 38 1.865
1 2.535 38 1.866
1 1.769 38 1.867
1 2.41 38 1.868
1 1.778 38 1.869
1 2.453 38 1.87
1 1.584 38 1.871
1 1.535 38 1.872
1 1.639 38 1.873
1 1.634 38 1.874
1 1.791 38 1.875
1 1.982 38 1.876
1 1.976 38 1.877
1 2.567 38 1.878
1 1.595 38 1.879
1 2.145 38 1.88
1 2.673 38 1.881
1 2.313 38 1.882
1 2.355 38 1.883
1 2.715 38 1.884
1 2.603 38 1.885
1 2.171 38 1.886
1 2.277 38 1.887
1 1.54 38 1.888
1 2.569 38 1.889
1 1.802 38 1.89
1 1.792 38 1.891
1 2.262 38 1.892
1 2.495 38 1.893
1 2.299 38 1.894
1 1.476 38 1.895
1 1.846 38 1.896
1 1.876 38 1.897
1 1.871 38 1.898
1 1.733 38 1.899
1 2.688 38 1.9
1 14.011 39 1.901
1 1.281 39 1.902
1 1.481 39 1.903
1 1.248 39 1.904
1 1.245 39 1.905
1 1.275 39 1.906
1 1.557 39 1.907
1 1.412 39 1.908
1 1.249 39 1.909
1 1.266 39 1.91
1 1.452 39 1.911
1 1.372 39 1.912
1 1.3 39 1.913
1 1.454 39 1.914
1 1.347 39 1.915
1 1.4 39 1.916
1 1.276 39 1.917
1 1.421 39 1.918
1 1.261 39 1.919
1 1.252 39 1.92
1 1.306 39 1.921
1 1.258 39 1.922
1 1.243 39 1.923
1 1.242 39 1.924
1 1.289 39 1.925
1 1.327 39 1.926
1 1.312 39 1.927
1 1.543 39 1.928
1 1.257 39 1.929
1 1.433 39 1.93
1 1.275 39 1.931
1 1.275 39 1.932
1 1.287 39 1.933
1 1.252 39 1.934
1 1.271 39 1.935
1 1.252 39 1.936
1 1.317 39 1.937
1 1.357 39 1.938
1 1.717 39 1.939
1 7.216 39 1.94
1 2.129 39 1.941
1 4.367 39 1.942
1 1.761 39 1.943
1 2.499 39 1.944
1 2.458 39 1.945
1 5.005 39 1.946
1 16.979 39 1.947
1 1.36 39 1.948
1 1.238 39 1.949
1 19.427 39 1.95
1 19.384 40 1.951
1 1.275 40 1.952
1 1.288 40 1.953
1 1.267 40 1.954
1 1.276 40 1.955
1 1.271 40 1.956
1 1.274 40 1.957
1 1.202 40 1.958
1 1.282 40 1.959
1 1.26 40 1.96
1 1.275 40 1.961
1 1.266 40 1.962
1 1.271 40 1.963
1 1.482 40 1.964
1 1.298 40 1.965
1 1.275 40 1.966
1 1.269 40 1.967
1 1.27 40 1.968
1 1.278 40 1.969
1 1.266 40 1.97
1 1.262 40 1.971
1 1.264 40 1.972
1 1.265 40 1.973
1 1.282 40 1.974
1 1.282 40 1.975
1 1.281 40 1.976
1 1.254 40 1.977
1 1.235 40 1.978
1 1.266 40 1.979
1 1.278 40 1.98
1 1.26 40 1.981
1 1.275 40 1.982
1 1.26 40 1.983
1 1.254 40 1.984
1 1.264 40 1.985
1 1.262 40 1.986
1 1.259 40 1.987
1 1.322 40 1.988
1 1.272 40 1.989
1 1.273 40 1.99
1 1.274 40 1.991
1 1.278 40 1.992
1 1.287 40 1.993
1 1.269 40 1.994
1 1.252 40 1.995
1 1.307 40 1.996
1 1.291 40 1.997
1 1.312 40 1.998
1 1.262 40 1.999
1 1.273 40 2
