 0.849 1 0.001
 1.025 1 0.002
 0.235 1 0.003
 0.225 1 0.004
 0.246 1 0.005
 0.258 1 0.006
 0.255 1 0.007
 0.266 1 0.008
 0.275 1 0.009
 0.251 1 0.01
 0.238 1 0.011
 0.256 1 0.012
 0.274 1 0.013
 0.237 1 0.014
 0.238 1 0.015
 0.236 1 0.016
 0.239 1 0.017
 0.244 1 0.018
 0.248 1 0.019
 0.216 1 0.02
 0.282 1 0.021
 0.271 1 0.022
 0.326 1 0.023
 0.241 1 0.024
 0.273 1 0.025
 0.215 1 0.026
 0.266 1 0.027
 0.268 1 0.028
 0.286 1 0.029
 0.255 1 0.03
 0.265 1 0.031
 0.243 1 0.032
 0.199 1 0.033
 0.267 1 0.034
 0.274 1 0.035
 0.257 1 0.036
 0.285 1 0.037
 0.251 1 0.038
 0.24 1 0.039
 0.296 1 0.04
 0.26 1 0.041
 0.3 1 0.042
 0.275 1 0.043
 0.266 1 0.044
 0.257 1 0.045
 0.231 1 0.046
 0.244 1 0.047
 0.252 1 0.048
 0.218 1 0.049
 0.469 2 0.05
 0.249 2 0.051
 0.646 2 0.052
 0.268 2 0.053
 0.197 2 0.054
 0.293 2 0.055
 0.252 2 0.056
 0.243 2 0.057
 0.268 2 0.058
 0.303 2 0.059
 0.243 2 0.06
 0.227 2 0.061
 0.275 2 0.062
 0.268 2 0.063
 0.321 2 0.064
 0.214 2 0.065
 0.257 2 0.066
 0.221 2 0.067
 0.267 2 0.068
 0.258 2 0.069
 0.258 2 0.07
 0.259 2 0.071
 0.27 2 0.072
 0.265 2 0.073
 0.256 2 0.074
 0.196 2 0.075
 0.538 2 0.076
 0.54 2 0.077
 0.26 2 0.078
 0.26 2 0.079
 0.258 2 0.08
 0.279 2 0.081
 0.244 2 0.082
 0.453 2 0.083
 0.26 2 0.084
 0.262 2 0.085
 0.282 2 0.086
 0.259 2 0.087
 0.257 2 0.088
 0.263 2 0.089
 0.327 2 0.09
 0.324 2 0.091
 0.261 2 0.092
 0.26 2 0.093
 0.329 2 0.094
 0.26 2 0.095
 0.27 2 0.096
 0.257 2 0.097
 0.267 2 0.098
 0.32 2 0.099
 2.894 3 0.1
 0.276 3 0.101
 0.277 3 0.102
 0.273 3 0.103
 0.273 3 0.104
 0.241 3 0.105
 0.237 3 0.106
 2.737 3 0.107
 0.269 3 0.108
 0.263 3 0.109
 0.265 3 0.11
 0.263 3 0.111
 0.269 3 0.112
 0.266 3 0.113
 0.288 3 0.114
 0.275 3 0.115
 0.281 3 0.116
 0.296 3 0.117
 0.325 3 0.118
 0.272 3 0.119
 0.274 3 0.12
 0.273 3 0.121
 0.275 3 0.122
 0.277 3 0.123
 0.233 3 0.124
 0.282 3 0.125
 0.274 3 0.126
 0.278 3 0.127
 0.322 3 0.128
 0.292 3 0.129
 0.249 3 0.13
 0.281 3 0.131
 0.243 3 0.132
 0.265 3 0.133
 0.257 3 0.134
 0.245 3 0.135
 0.275 3 0.136
 0.268 3 0.137
 0.246 3 0.138
 0.261 3 0.139
 0.253 3 0.14
 0.246 3 0.141
 0.242 3 0.142
 0.234 3 0.143
 0.28 3 0.144
 0.284 3 0.145
 0.288 3 0.146
 0.208 3 0.147
 0.322 3 0.148
 0.254 3 0.149
 6.75 4 0.15
 0.286 4 0.151
 0.272 4 0.152
 0.281 4 0.153
 0.274 4 0.154
 0.271 4 0.155
 0.274 4 0.156
 0.21 4 0.157
 0.239 4 0.158
 0.272 4 0.159
 0.277 4 0.16
 0.28 4 0.161
 0.343 4 0.162
 0.273 4 0.163
 0.274 4 0.164
 0.241 4 0.165
 0.295 4 0.166
 0.282 4 0.167
 0.232 4 0.168
 0.291 4 0.169
 0.303 4 0.17
 0.266 4 0.171
 0.276 4 0.172
 0.285 4 0.173
 0.289 4 0.174
 0.284 4 0.175
 0.278 4 0.176
 0.21 4 0.177
 0.288 4 0.178
 0.283 4 0.179
 0.293 4 0.18
 0.282 4 0.181
 0.303 4 0.182
 0.342 4 0.183
 0.292 4 0.184
 0.324 4 0.185
 0.24 4 0.186
 0.29 4 0.187
 0.235 4 0.188
 0.255 4 0.189
 0.245 4 0.19
 0.245 4 0.191
 0.315 4 0.192
 0.242 4 0.193
 0.254 4 0.194
 0.306 4 0.195
 0.219 4 0.196
 0.243 4 0.197
 0.32 4 0.198
 0.247 4 0.199
 28.138 5 0.2
 22.744 5 0.201
 0.296 5 0.202
 0.301 5 0.203
 0.303 5 0.204
 65.981 5 0.205
 17.467 5 0.206
 23.101 5 0.207
 0.364 5 0.208
 23.267 5 0.209
 59.635 5 0.21
 22.16 5 0.211
 22.559 5 0.212
 0.322 5 0.213
 0.335 5 0.214
 0.329 5 0.215
 24.867 5 0.216
 0.327 5 0.217
 0.234 5 0.218
 22.197 5 0.219
 0.293 5 0.22
 0.295 5 0.221
 0.257 5 0.222
 0.272 5 0.223
 21.055 5 0.224
 0.295 5 0.225
 0.294 5 0.226
 0.276 5 0.227
 0.272 5 0.228
 0.29 5 0.229
 0.298 5 0.23
 0.265 5 0.231
 0.3 5 0.232
 0.276 5 0.233
 0.252 5 0.234
 0.273 5 0.235
 0.346 5 0.236
 0.278 5 0.237
 0.28 5 0.238
 0.27 5 0.239
 0.276 5 0.24
 0.287 5 0.241
 0.257 5 0.242
 0.314 5 0.243
 0.247 5 0.244
 0.339 5 0.245
 0.26 5 0.246
 0.273 5 0.247
 0.299 5 0.248
 0.351 5 0.249
 191.931 6 0.25
 0.297 6 0.251
 331.987 6 0.252
 38.63 6 0.253
 449.569 6 0.254
 0.291 6 0.255
 0.333 6 0.256
 0.281 6 0.257
 0.295 6 0.258
 0.269 6 0.259
 0.291 6 0.26
 0.347 6 0.261
 0.276 6 0.262
 0.275 6 0.263
 0.288 6 0.264
 0.27 6 0.265
 0.283 6 0.266
 0.28 6 0.267
 0.285 6 0.268
 0.289 6 0.269
 0.271 6 0.27
 0.283 6 0.271
 0.408 6 0.272
 0.299 6 0.273
 0.394 6 0.274
 0.283 6 0.275
 0.326 6 0.276
 0.316 6 0.277
 0.266 6 0.278
 0.268 6 0.279
 32.24 6 0.28
 118.678 6 0.281
 0.252 6 0.282
 0.264 6 0.283
 0.284 6 0.284
 71.118 6 0.285
 0.27 6 0.286
 0.278 6 0.287
 0.28 6 0.288
 0.279 6 0.289
 146.093 6 0.29
 0.251 6 0.291
 0.258 6 0.292
 0.306 6 0.293
 0.295 6 0.294
 0.276 6 0.295
 0.31 6 0.296
 0.296 6 0.297
 0.305 6 0.298
 0.305 6 0.299
 87.611 7 0.3
 0.303 7 0.301
 0.337 7 0.302
 0.3 7 0.303
 0.32 7 0.304
 0.296 7 0.305
 0.317 7 0.306
 0.31 7 0.307
 0.303 7 0.308
 0.332 7 0.309
 0.393 7 0.31
 174.553 7 0.311
 0.271 7 0.312
 141.802 7 0.313
 0.323 7 0.314
 0.344 7 0.315
 0.329 7 0.316
 0.3 7 0.317
 0.366 7 0.318
 0.319 7 0.319
 0.359 7 0.32
 0.388 7 0.321
 0.377 7 0.322
 0.349 7 0.323
 0.338 7 0.324
 1.323 7 0.325
 0.347 7 0.326
 0.294 7 0.327
 377.603 7 0.328
 82.725 7 0.329
 0.338 7 0.33
 0.399 7 0.331
 0.377 7 0.332
 0.313 7 0.333
 0.265 7 0.334
 0.318 7 0.335
 0.336 7 0.336
 0.289 7 0.337
 0.375 7 0.338
 0.241 7 0.339
 0.322 7 0.34
 0.331 7 0.341
 0.308 7 0.342
 0.325 7 0.343
 0.343 7 0.344
 0.3 7 0.345
 0.31 7 0.346
 0.328 7 0.347
 88.556 7 0.348
 152.486 7 0.349
 439.985 8 0.35
 663.402 8 0.351
 91.785 8 0.352
 0.3 8 0.353
 0.398 8 0.354
 0.327 8 0.355
 0.323 8 0.356
 0.328 8 0.357
 0.328 8 0.358
 0.341 8 0.359
 0.363 8 0.36
 0.334 8 0.361
 0.336 8 0.362
 0.358 8 0.363
 0.332 8 0.364
 0.326 8 0.365
 0.336 8 0.366
 0.397 8 0.367
 0.332 8 0.368
 0.338 8 0.369
 0.374 8 0.37
 0.291 8 0.371
 0.328 8 0.372
 0.347 8 0.373
 0.329 8 0.374
 0.33 8 0.375
 0.336 8 0.376
 0.345 8 0.377
 87.55 8 0.378
 67.398 8 0.379
 143.125 8 0.38
 0.315 8 0.381
 0.289 8 0.382
 0.294 8 0.383
 0.34 8 0.384
 703.493 8 0.385
 0.431 8 0.386
 0.319 8 0.387
 0.291 8 0.388
 0.284 8 0.389
 0.299 8 0.39
 0.852 8 0.391
 0.284 8 0.392
 0.453 8 0.393
 0.964 8 0.394
 0.3 8 0.395
 0.302 8 0.396
 0.297 8 0.397
 0.351 8 0.398
 0.292 8 0.399
 1358.63 9 0.4
 467.427 9 0.401
 1206.36 9 0.402
 1053.91 9 0.403
 1331.48 9 0.404
 1295.28 9 0.405
 1283.9 9 0.406
 1020.47 9 0.407
 1562.03 9 0.408
 1122.9 9 0.409
 1366.51 9 0.41
 0.385 9 0.411
 0.406 9 0.412
 0.351 9 0.413
 0.37 9 0.414
 1205.18 9 0.415
 0.373 9 0.416
 655.731 9 0.417
 0.376 9 0.418
 0.317 9 0.419
 0.287 9 0.42
 828.294 9 0.421
 0.372 9 0.422
 0.371 9 0.423
 0.346 9 0.424
 0.345 9 0.425
 0.351 9 0.426
 0.357 9 0.427
 0.352 9 0.428
 253.113 9 0.429
 0.341 9 0.43
 0.36 9 0.431
 0.334 9 0.432
 0.348 9 0.433
 0.345 9 0.434
 0.375 9 0.435
 0.366 9 0.436
 0.33 9 0.437
 0.329 9 0.438
 0.268 9 0.439
 0.33 9 0.44
 0.33 9 0.441
 0.332 9 0.442
 0.369 9 0.443
 0.333 9 0.444
 0.346 9 0.445
 0.354 9 0.446
 0.339 9 0.447
 0.382 9 0.448
 0.32 9 0.449
 1450.29 10 0.45
 0.37 10 0.451
 0.392 10 0.452
 0.355 10 0.453
 0.45 10 0.454
 0.4 10 0.455
 0.398 10 0.456
 0.302 10 0.457
 0.349 10 0.458
 0.391 10 0.459
 0.343 10 0.46
 0.433 10 0.461
 0.391 10 0.462
 0.382 10 0.463
 0.36 10 0.464
 0.354 10 0.465
 0.375 10 0.466
 0.364 10 0.467
 0.35 10 0.468
 0.384 10 0.469
 0.375 10 0.47
 0.378 10 0.471
 0.388 10 0.472
 0.394 10 0.473
 0.385 10 0.474
 0.352 10 0.475
 0.369 10 0.476
 0.361 10 0.477
 1200.71 10 0.478
 0.395 10 0.479
 0.375 10 0.48
 0.341 10 0.481
 0.341 10 0.482
 893.674 10 0.483
 0.343 10 0.484
 0.303 10 0.485
 0.397 10 0.486
 0.342 10 0.487
 0.373 10 0.488
 0.41 10 0.489
 0.385 10 0.49
 0.403 10 0.491
 0.341 10 0.492
 386.365 10 0.493
 0.348 10 0.494
 0.429 10 0.495
 0.372 10 0.496
 0.363 10 0.497
 0.34 10 0.498
 0.476 10 0.499
 1909.06 11 0.5
 0.404 11 0.501
 0.294 11 0.502
 0.36 11 0.503
 0.361 11 0.504
 0.398 11 0.505
 0.384 11 0.506
 0.417 11 0.507
 0.424 11 0.508
 0.437 11 0.509
 0.416 11 0.51
 0.355 11 0.511
 0.322 11 0.512
 0.439 11 0.513
 0.431 11 0.514
 1821.85 11 0.515
 0.336 11 0.516
 0.391 11 0.517
 0.412 11 0.518
 0.384 11 0.519
 0.46 11 0.52
 0.42 11 0.521
 0.41 11 0.522
 0.386 11 0.523
 0.455 11 0.524
 0.421 11 0.525
 0.436 11 0.526
 0.393 11 0.527
 0.338 11 0.528
 0.448 11 0.529
 0.356 11 0.53
 0.378 11 0.531
 0.402 11 0.532
 0.516 11 0.533
 0.394 11 0.534
 0.494 11 0.535
 0.431 11 0.536
 0.42 11 0.537
 0.35 11 0.538
 0.403 11 0.539
 0.404 11 0.54
 0.449 11 0.541
 0.389 11 0.542
 0.404 11 0.543
 0.402 11 0.544
 0.444 11 0.545
 0.361 11 0.546
 0.361 11 0.547
 0.381 11 0.548
 0.361 11 0.549
 1575.73 12 0.55
 0.5 12 0.551
 0.409 12 0.552
 0.395 12 0.553
 0.419 12 0.554
 0.403 12 0.555
 0.442 12 0.556
 0.433 12 0.557
 0.37 12 0.558
 0.436 12 0.559
 0.386 12 0.56
 0.384 12 0.561
 0.367 12 0.562
 1693.13 12 0.563
 0.367 12 0.564
 0.367 12 0.565
 0.37 12 0.566
 0.365 12 0.567
 0.371 12 0.568
 0.371 12 0.569
 0.362 12 0.57
 0.367 12 0.571
 0.365 12 0.572
 0.364 12 0.573
 0.367 12 0.574
 0.366 12 0.575
 0.373 12 0.576
 0.364 12 0.577
 0.365 12 0.578
 0.362 12 0.579
 0.364 12 0.58
 0.368 12 0.581
 0.367 12 0.582
 0.376 12 0.583
 0.364 12 0.584
 0.367 12 0.585
 0.367 12 0.586
 0.365 12 0.587
 0.372 12 0.588
 0.366 12 0.589
 0.365 12 0.59
 0.364 12 0.591
 0.365 12 0.592
 0.366 12 0.593
 0.367 12 0.594
 0.398 12 0.595
 0.486 12 0.596
 0.407 12 0.597
 0.413 12 0.598
 0.413 12 0.599
 2439.8 13 0.6
 0.538 13 0.601
 0.414 13 0.602
 0.468 13 0.603
 0.461 13 0.604
 0.435 13 0.605
 0.438 13 0.606
 0.466 13 0.607
 0.42 13 0.608
 0.449 13 0.609
 0.443 13 0.61
 0.438 13 0.611
 0.426 13 0.612
 0.406 13 0.613
 0.444 13 0.614
 0.457 13 0.615
 0.403 13 0.616
 0.396 13 0.617
 0.403 13 0.618
 0.424 13 0.619
 0.394 13 0.62
 0.473 13 0.621
 1379.89 13 0.622
 0.347 13 0.623
 0.445 13 0.624
 0.436 13 0.625
 0.497 13 0.626
 1964.06 13 0.627
 0.392 13 0.628
 0.387 13 0.629
 0.385 13 0.63
 0.397 13 0.631
 0.437 13 0.632
 0.453 13 0.633
 0.433 13 0.634
 2309.2 13 0.635
 0.785 13 0.636
 0.912 13 0.637
 0.686 13 0.638
 0.576 13 0.639
 0.658 13 0.64
 0.481 13 0.641
 0.454 13 0.642
 0.434 13 0.643
 0.408 13 0.644
 0.417 13 0.645
 0.396 13 0.646
 0.428 13 0.647
 0.416 13 0.648
 2641.97 13 0.649
 2987.89 14 0.65
 0.606 14 0.651
 0.563 14 0.652
 0.502 14 0.653
 0.415 14 0.654
 0.327 14 0.655
 0.401 14 0.656
 0.405 14 0.657
 0.406 14 0.658
 0.502 14 0.659
 0.466 14 0.66
 0.439 14 0.661
 0.476 14 0.662
 0.365 14 0.663
 0.501 14 0.664
 2125.01 14 0.665
 0.383 14 0.666
 0.489 14 0.667
 0.414 14 0.668
 0.481 14 0.669
 0.456 14 0.67
 0.507 14 0.671
 0.454 14 0.672
 0.387 14 0.673
 0.463 14 0.674
 0.402 14 0.675
 0.505 14 0.676
 0.476 14 0.677
 0.409 14 0.678
 0.52 14 0.679
 0.413 14 0.68
 0.48 14 0.681
 2684.1 14 0.682
 0.641 14 0.683
 0.423 14 0.684
 0.559 14 0.685
 0.527 14 0.686
 0.378 14 0.687
 0.475 14 0.688
 0.404 14 0.689
 0.471 14 0.69
 0.361 14 0.691
 0.574 14 0.692
 0.572 14 0.693
 0.417 14 0.694
 0.468 14 0.695
 0.581 14 0.696
 0.485 14 0.697
 0.383 14 0.698
 0.589 14 0.699
 3270.8 15 0.7
 2837.53 15 0.701
 0.433 15 0.702
 0.433 15 0.703
 0.427 15 0.704
 0.492 15 0.705
 0.491 15 0.706
 0.479 15 0.707
 0.567 15 0.708
 0.422 15 0.709
 0.47 15 0.71
 2436.71 15 0.711
 0.484 15 0.712
 0.582 15 0.713
 0.425 15 0.714
 0.496 15 0.715
 0.471 15 0.716
 0.387 15 0.717
 0.519 15 0.718
 0.492 15 0.719
 0.541 15 0.72
 0.462 15 0.721
 0.611 15 0.722
 2839.44 15 0.723
 0.537 15 0.724
 3354.63 15 0.725
 0.471 15 0.726
 0.431 15 0.727
 0.551 15 0.728
 0.535 15 0.729
 0.453 15 0.73
 0.647 15 0.731
 0.417 15 0.732
 0.566 15 0.733
 0.521 15 0.734
 0.501 15 0.735
 0.429 15 0.736
 0.418 15 0.737
 0.39 15 0.738
 0.473 15 0.739
 0.618 15 0.74
 0.779 15 0.741
 0.458 15 0.742
 0.455 15 0.743
 0.459 15 0.744
 0.548 15 0.745
 0.433 15 0.746
 0.503 15 0.747
 0.523 15 0.748
 0.51 15 0.749
 2819.23 16 0.75
 3266.34 16 0.751
 0.502 16 0.752
 0.492 16 0.753
 0.445 16 0.754
 0.471 16 0.755
 0.436 16 0.756
 0.461 16 0.757
 0.487 16 0.758
 0.436 16 0.759
 0.49 16 0.76
 0.458 16 0.761
 0.491 16 0.762
 3896.69 16 0.763
 0.528 16 0.764
 0.507 16 0.765
 0.47 16 0.766
 0.433 16 0.767
 0.482 16 0.768
 0.435 16 0.769
 3891.47 16 0.77
 3853.51 16 0.771
 3344.39 16 0.772
 0.432 16 0.773
 4301.07 16 0.774
 0.605 16 0.775
 0.736 16 0.776
 0.478 16 0.777
 0.685 16 0.778
 0.583 16 0.779
 0.603 16 0.78
 0.557 16 0.781
 0.555 16 0.782
 0.618 16 0.783
 0.566 16 0.784
 0.512 16 0.785
 0.469 16 0.786
 0.754 16 0.787
 0.542 16 0.788
 0.627 16 0.789
 3626.2 16 0.79
 0.416 16 0.791
 0.466 16 0.792
 0.464 16 0.793
 0.488 16 0.794
 0.464 16 0.795
 3648.87 16 0.796
 0.403 16 0.797
 0.396 16 0.798
 0.425 16 0.799
 4569.22 17 0.8
 0.49 17 0.801
 0.458 17 0.802
 0.4 17 0.803
 0.461 17 0.804
 0.425 17 0.805
 0.466 17 0.806
 0.45 17 0.807
 0.455 17 0.808
 0.466 17 0.809
 0.493 17 0.81
 0.455 17 0.811
 0.455 17 0.812
 0.454 17 0.813
 0.458 17 0.814
 0.457 17 0.815
 0.458 17 0.816
 0.457 17 0.817
 0.457 17 0.818
 0.469 17 0.819
 0.516 17 0.82
 0.474 17 0.821
 0.489 17 0.822
 0.495 17 0.823
 0.469 17 0.824
 3770.55 17 0.825
 0.495 17 0.826
 3814.39 17 0.827
 3778.11 17 0.828
 4118 17 0.829
 3199.87 17 0.83
 3865.66 17 0.831
 0.503 17 0.832
 0.497 17 0.833
 0.546 17 0.834
 0.613 17 0.835
 0.53 17 0.836
 0.486 17 0.837
 0.531 17 0.838
 0.514 17 0.839
 0.468 17 0.84
 0.567 17 0.841
 0.586 17 0.842
 0.51 17 0.843
 0.536 17 0.844
 0.481 17 0.845
 0.514 17 0.846
 0.571 17 0.847
 0.567 17 0.848
 0.509 17 0.849
 3275.94 18 0.85
 0.457 18 0.851
 0.439 18 0.852
 0.494 18 0.853
 0.462 18 0.854
 0.477 18 0.855
 0.476 18 0.856
 0.513 18 0.857
 0.479 18 0.858
 0.478 18 0.859
 0.476 18 0.86
 0.488 18 0.861
 0.503 18 0.862
 0.474 18 0.863
 0.479 18 0.864
 0.476 18 0.865
 0.484 18 0.866
 0.472 18 0.867
 0.475 18 0.868
 0.478 18 0.869
 0.485 18 0.87
 0.472 18 0.871
 0.474 18 0.872
 0.648 18 0.873
 0.596 18 0.874
 0.553 18 0.875
 0.645 18 0.876
 0.711 18 0.877
 0.704 18 0.878
 0.653 18 0.879
 0.552 18 0.88
 0.574 18 0.881
 0.634 18 0.882
 0.768 18 0.883
 0.629 18 0.884
 0.554 18 0.885
 0.52 18 0.886
 0.521 18 0.887
 0.5 18 0.888
 0.561 18 0.889
 0.525 18 0.89
 0.581 18 0.891
 0.522 18 0.892
 0.632 18 0.893
 0.669 18 0.894
 0.609 18 0.895
 0.57 18 0.896
 0.492 18 0.897
 0.507 18 0.898
 0.58 18 0.899
 4351.42 19 0.9
 0.62 19 0.901
 0.522 19 0.902
 0.535 19 0.903
 0.576 19 0.904
 0.522 19 0.905
 0.516 19 0.906
 3978.78 19 0.907
 0.523 19 0.908
 0.506 19 0.909
 0.507 19 0.91
 0.508 19 0.911
 0.505 19 0.912
 4609.71 19 0.913
 0.583 19 0.914
 0.604 19 0.915
 0.582 19 0.916
 0.603 19 0.917
 0.509 19 0.918
 0.591 19 0.919
 0.546 19 0.92
 0.51 19 0.921
 0.472 19 0.922
 0.645 19 0.923
 0.558 19 0.924
 0.522 19 0.925
 0.534 19 0.926
 0.504 19 0.927
 0.51 19 0.928
 0.508 19 0.929
 0.547 19 0.93
 0.572 19 0.931
 0.539 19 0.932
 0.547 19 0.933
 0.51 19 0.934
 0.623 19 0.935
 0.511 19 0.936
 0.507 19 0.937
 0.55 19 0.938
 0.666 19 0.939
 0.506 19 0.94
 0.541 19 0.941
 0.521 19 0.942
 0.521 19 0.943
 0.507 19 0.944
 0.638 19 0.945
 0.519 19 0.946
 4602.71 19 0.947
 0.515 19 0.948
 0.497 19 0.949
 5530.43 20 0.95
 0.574 20 0.951
 4722.65 20 0.952
 0.549 20 0.953
 0.536 20 0.954
 0.668 20 0.955
 0.609 20 0.956
 0.525 20 0.957
 0.524 20 0.958
 0.528 20 0.959
 0.689 20 0.96
 0.586 20 0.961
 0.595 20 0.962
 0.521 20 0.963
 0.642 20 0.964
 0.521 20 0.965
 0.646 20 0.966
 0.542 20 0.967
 0.577 20 0.968
 0.687 20 0.969
 0.63 20 0.97
 0.6 20 0.971
 0.559 20 0.972
 0.66 20 0.973
 0.621 20 0.974
 0.588 20 0.975
 0.523 20 0.976
 5019.5 20 0.977
 0.583 20 0.978
 0.743 20 0.979
 0.618 20 0.98
 0.524 20 0.981
 0.528 20 0.982
 0.594 20 0.983
 0.577 20 0.984
 0.598 20 0.985
 0.589 20 0.986
 0.564 20 0.987
 0.636 20 0.988
 0.548 20 0.989
 0.593 20 0.99
 0.524 20 0.991
 0.53 20 0.992
 0.587 20 0.993
 0.563 20 0.994
 0.613 20 0.995
 0.694 20 0.996
 0.575 20 0.997
 4590.44 20 0.998
 0.684 20 0.999
 5897.7 21 1
 0.539 21 1.001
 0.599 21 1.002
 0.563 21 1.003
 0.574 21 1.004
 0.551 21 1.005
 0.554 21 1.006
 0.554 21 1.007
 0.551 21 1.008
 0.558 21 1.009
 0.556 21 1.01
 0.55 21 1.011
 0.557 21 1.012
 0.553 21 1.013
 0.592 21 1.014
 0.56 21 1.015
 0.553 21 1.016
 0.551 21 1.017
 0.574 21 1.018
 0.729 21 1.019
 0.665 21 1.02
 0.649 21 1.021
 0.723 21 1.022
 0.676 21 1.023
 0.686 21 1.024
 0.754 21 1.025
 0.728 21 1.026
 0.697 21 1.027
 0.652 21 1.028
 0.726 21 1.029
 0.697 21 1.03
 0.695 21 1.031
 0.867 21 1.032
 0.759 21 1.033
 0.706 21 1.034
 0.758 21 1.035
 0.725 21 1.036
 0.697 21 1.037
 0.667 21 1.038
 0.647 21 1.039
 0.705 21 1.04
 0.671 21 1.041
 0.827 21 1.042
 5419.36 21 1.043
 5270.62 21 1.044
 5821.24 21 1.045
 0.816 21 1.046
 0.666 21 1.047
 0.665 21 1.048
 0.706 21 1.049
 5010.14 21 1.05
 7023.95 22 1.051
 0.814 22 1.052
 0.887 22 1.053
 0.66 22 1.054
 0.938 22 1.055
 0.635 22 1.056
 0.639 22 1.057
 0.62 22 1.058
 0.608 22 1.059
 0.597 22 1.06
 0.598 22 1.061
 0.62 22 1.062
 0.561 22 1.063
 0.66 22 1.064
 0.745 22 1.065
 0.649 22 1.066
 0.701 22 1.067
 0.729 22 1.068
 0.794 22 1.069
 0.706 22 1.07
 0.897 22 1.071
 0.593 22 1.072
 0.692 22 1.073
 0.609 22 1.074
 0.573 22 1.075
 0.601 22 1.076
 0.603 22 1.077
 0.594 22 1.078
 0.591 22 1.079
 0.593 22 1.08
 0.746 22 1.081
 0.55 22 1.082
 0.535 22 1.083
 0.528 22 1.084
 0.55 22 1.085
 0.664 22 1.086
 0.632 22 1.087
 0.625 22 1.088
 0.668 22 1.089
 0.898 22 1.09
 0.649 22 1.091
 0.62 22 1.092
 0.619 22 1.093
 0.614 22 1.094
 0.649 22 1.095
 0.717 22 1.096
 0.543 22 1.097
 0.537 22 1.098
 0.572 22 1.099
 0.629 22 1.1
 10362 23 1.101
 0.779 23 1.102
 0.613 23 1.103
 0.549 23 1.104
 9038.69 23 1.105
 0.792 23 1.106
 2.106 23 1.107
 0.896 23 1.108
 0.583 23 1.109
 1.008 23 1.11
 0.678 23 1.111
 0.66 23 1.112
 0.762 23 1.113
 0.711 23 1.114
 0.577 23 1.115
 0.668 23 1.116
 0.795 23 1.117
 9120.79 23 1.118
 0.636 23 1.119
 0.753 23 1.12
 0.627 23 1.121
 0.734 23 1.122
 0.715 23 1.123
 0.619 23 1.124
 0.736 23 1.125
 7644.71 23 1.126
 0.635 23 1.127
 0.792 23 1.128
 0.568 23 1.129
 0.636 23 1.13
 0.664 23 1.131
 0.786 23 1.132
 0.591 23 1.133
 0.688 23 1.134
 0.679 23 1.135
 0.623 23 1.136
 0.602 23 1.137
 0.697 23 1.138
 6955.12 23 1.139
 0.666 23 1.14
 0.669 23 1.141
 0.739 23 1.142
 0.862 23 1.143
 0.635 23 1.144
 0.83 23 1.145
 0.63 23 1.146
 0.621 23 1.147
 0.708 23 1.148
 0.707 23 1.149
 0.618 23 1.15
 7785.95 24 1.151
 0.956 24 1.152
 0.766 24 1.153
 0.657 24 1.154
 0.759 24 1.155
 0.624 24 1.156
 0.76 24 1.157
 0.642 24 1.158
 0.641 24 1.159
 0.719 24 1.16
 0.753 24 1.161
 0.635 24 1.162
 0.96 24 1.163
 0.719 24 1.164
 0.834 24 1.165
 0.941 24 1.166
 0.683 24 1.167
 0.678 24 1.168
 0.623 24 1.169
 0.748 24 1.17
 0.855 24 1.171
 2.911 24 1.172
 0.966 24 1.173
 1.201 24 1.174
 1.055 24 1.175
 1.191 24 1.176
 0.951 24 1.177
 0.867 24 1.178
 10899.1 24 1.179
 0.849 24 1.18
 0.811 24 1.181
 0.856 24 1.182
 0.819 24 1.183
 0.828 24 1.184
 0.961 24 1.185
 0.825 24 1.186
 0.897 24 1.187
 1.195 24 1.188
 0.626 24 1.189
 1.184 24 1.19
 1.478 24 1.191
 0.602 24 1.192
 1.543 24 1.193
 7600.28 24 1.194
 0.645 24 1.195
 0.858 24 1.196
 0.95 24 1.197
 0.724 24 1.198
 1.053 24 1.199
 0.662 24 1.2
 9735.97 25 1.201
 1.573 25 1.202
 10305.2 25 1.203
 0.692 25 1.204
 0.681 25 1.205
 1.368 25 1.206
 1.386 25 1.207
 0.845 25 1.208
 0.645 25 1.209
 1.573 25 1.21
 0.661 25 1.211
 1.249 25 1.212
 0.667 25 1.213
 0.633 25 1.214
 10453.9 25 1.215
 1.324 25 1.216
 0.712 25 1.217
 0.988 25 1.218
 0.768 25 1.219
 0.941 25 1.22
 0.757 25 1.221
 1.218 25 1.222
 1.79 25 1.223
 1.141 25 1.224
 0.765 25 1.225
 0.984 25 1.226
 1.256 25 1.227
 1.055 25 1.228
 1.244 25 1.229
 0.841 25 1.23
 10618.3 25 1.231
 0.811 25 1.232
 0.914 25 1.233
 1.355 25 1.234
 0.844 25 1.235
 0.941 25 1.236
 0.729 25 1.237
 0.735 25 1.238
 0.639 25 1.239
 0.853 25 1.24
 0.934 25 1.241
 8194.48 25 1.242
 0.742 25 1.243
 10283.5 25 1.244
 8942.65 25 1.245
 9725.89 25 1.246
 0.689 25 1.247
 0.664 25 1.248
 0.68 25 1.249
 0.668 25 1.25
 11339.6 26 1.251
 0.846 26 1.252
 15978.1 26 1.253
 13929.9 26 1.254
 0.88 26 1.255
 0.806 26 1.256
 0.777 26 1.257
 11925.9 26 1.258
 9852.3 26 1.259
 0.803 26 1.26
 0.879 26 1.261
 0.893 26 1.262
 0.794 26 1.263
 0.874 26 1.264
 0.92 26 1.265
 13748.3 26 1.266
 0.778 26 1.267
 0.854 26 1.268
 0.885 26 1.269
 12285 26 1.27
 0.83 26 1.271
 11950.6 26 1.272
 13296.7 26 1.273
 0.827 26 1.274
 0.778 26 1.275
 0.781 26 1.276
 0.764 26 1.277
 0.733 26 1.278
 0.754 26 1.279
 0.77 26 1.28
 0.963 26 1.281
 1.021 26 1.282
 12693.1 26 1.283
 14823 26 1.284
 0.775 26 1.285
 0.778 26 1.286
 0.767 26 1.287
 0.75 26 1.288
 1.035 26 1.289
 0.749 26 1.29
 0.755 26 1.291
 0.751 26 1.292
 0.757 26 1.293
 0.754 26 1.294
 0.748 26 1.295
 0.747 26 1.296
 0.758 26 1.297
 0.792 26 1.298
 1.071 26 1.299
 0.936 26 1.3
 13395.8 27 1.301
 1.034 27 1.302
 9870.32 27 1.303
 1.16 27 1.304
 0.8 27 1.305
 0.779 27 1.306
 0.773 27 1.307
 1.008 27 1.308
 0.806 27 1.309
 0.785 27 1.31
 0.787 27 1.311
 12754.6 27 1.312
 0.981 27 1.313
 0.806 27 1.314
 0.789 27 1.315
 0.773 27 1.316
 0.772 27 1.317
 0.777 27 1.318
 0.782 27 1.319
 0.774 27 1.32
 0.794 27 1.321
 0.778 27 1.322
 0.765 27 1.323
 0.827 27 1.324
 0.78 27 1.325
 0.82 27 1.326
 0.788 27 1.327
 0.857 27 1.328
 0.766 27 1.329
 0.78 27 1.33
 0.786 27 1.331
 0.773 27 1.332
 0.766 27 1.333
 0.776 27 1.334
 0.799 27 1.335
 0.767 27 1.336
 0.774 27 1.337
 0.763 27 1.338
 0.767 27 1.339
 0.791 27 1.34
 0.778 27 1.341
 0.768 27 1.342
 0.779 27 1.343
 0.773 27 1.344
 0.753 27 1.345
 0.885 27 1.346
 0.957 27 1.347
 1.225 27 1.348
 0.998 27 1.349
 1.713 27 1.35
 15562.5 28 1.351
 1.044 28 1.352
 0.875 28 1.353
 0.956 28 1.354
 0.84 28 1.355
 1.319 28 1.356
 0.853 28 1.357
 0.898 28 1.358
 1.717 28 1.359
 1.075 28 1.36
 14750.9 28 1.361
 1.455 28 1.362
 1.006 28 1.363
 0.833 28 1.364
 0.81 28 1.365
 0.97 28 1.366
 0.859 28 1.367
 1.096 28 1.368
 0.816 28 1.369
 1.094 28 1.37
 0.802 28 1.371
 0.965 28 1.372
 0.75 28 1.373
 1.1 28 1.374
 1.295 28 1.375
 0.801 28 1.376
 0.81 28 1.377
 1.124 28 1.378
 0.863 28 1.379
 0.824 28 1.38
 0.73 28 1.381
 0.967 28 1.382
 1.098 28 1.383
 0.93 28 1.384
 1.257 28 1.385
 0.822 28 1.386
 1.636 28 1.387
 2.012 28 1.388
 0.801 28 1.389
 1.194 28 1.39
 1.181 28 1.391
 0.812 28 1.392
 0.8 28 1.393
 0.798 28 1.394
 0.946 28 1.395
 1.084 28 1.396
 1.084 28 1.397
 0.808 28 1.398
 1.106 28 1.399
 0.815 28 1.4
 18637.1 29 1.401
 1.081 29 1.402
 0.872 29 1.403
 1.503 29 1.404
 0.848 29 1.405
 1.251 29 1.406
 0.844 29 1.407
 1.101 29 1.408
 1.193 29 1.409
 0.842 29 1.41
 1.025 29 1.411
 1.148 29 1.412
 1.083 29 1.413
 0.826 29 1.414
 1.563 29 1.415
 0.835 29 1.416
 0.846 29 1.417
 1.085 29 1.418
 1.085 29 1.419
 1.532 29 1.42
 0.946 29 1.421
 1.091 29 1.422
 0.871 29 1.423
 16343.9 29 1.424
 1.071 29 1.425
 0.845 29 1.426
 0.854 29 1.427
 0.833 29 1.428
 1.02 29 1.429
 0.944 29 1.43
 0.834 29 1.431
 0.862 29 1.432
 1.013 29 1.433
 0.911 29 1.434
 0.863 29 1.435
 0.859 29 1.436
 0.844 29 1.437
 0.824 29 1.438
 0.84 29 1.439
 1.088 29 1.44
 1.024 29 1.441
 1.04 29 1.442
 1.017 29 1.443
 1.385 29 1.444
 0.986 29 1.445
 0.893 29 1.446
 0.834 29 1.447
 0.842 29 1.448
 0.83 29 1.449
 0.832 29 1.45
 13759.7 30 1.451
 0.976 30 1.452
 17664.4 30 1.453
 1.405 30 1.454
 19756.5 30 1.455
 1.086 30 1.456
 1.078 30 1.457
 1.1 30 1.458
 1.013 30 1.459
 1.005 30 1.46
 0.969 30 1.461
 1.038 30 1.462
 0.999 30 1.463
 0.971 30 1.464
 0.947 30 1.465
 0.976 30 1.466
 0.92 30 1.467
 0.923 30 1.468
 0.915 30 1.469
 1.063 30 1.47
 0.935 30 1.471
 0.935 30 1.472
 0.917 30 1.473
 0.919 30 1.474
 1.167 30 1.475
 0.976 30 1.476
 0.951 30 1.477
 0.928 30 1.478
 0.963 30 1.479
 0.945 30 1.48
 0.952 30 1.481
 0.968 30 1.482
 0.949 30 1.483
 0.952 30 1.484
 0.972 30 1.485
 0.955 30 1.486
 1.039 30 1.487
 0.952 30 1.488
 0.945 30 1.489
 1.242 30 1.49
 19242.7 30 1.491
 1.2 30 1.492
 1.135 30 1.493
 1.09 30 1.494
 1.099 30 1.495
 1.045 30 1.496
 1.034 30 1.497
 1.216 30 1.498
 1.044 30 1.499
 1.241 30 1.5
 21228.5 31 1.501
 0.983 31 1.502
 0.942 31 1.503
 0.931 31 1.504
 0.927 31 1.505
 0.931 31 1.506
 0.913 31 1.507
 0.919 31 1.508
 0.912 31 1.509
 0.914 31 1.51
 0.923 31 1.511
 0.846 31 1.512
 0.917 31 1.513
 0.962 31 1.514
 0.919 31 1.515
 0.922 31 1.516
 0.917 31 1.517
 0.904 31 1.518
 0.932 31 1.519
 0.91 31 1.52
 0.925 31 1.521
 0.931 31 1.522
 0.916 31 1.523
 0.949 31 1.524
 0.959 31 1.525
 0.915 31 1.526
 0.888 31 1.527
 0.919 31 1.528
 0.925 31 1.529
 0.92 31 1.53
 0.916 31 1.531
 0.919 31 1.532
 0.919 31 1.533
 0.907 31 1.534
 0.924 31 1.535
 0.916 31 1.536
 0.908 31 1.537
 0.925 31 1.538
 0.918 31 1.539
 0.913 31 1.54
 0.946 31 1.541
 0.924 31 1.542
 0.912 31 1.543
 0.918 31 1.544
 1.088 31 1.545
 0.966 31 1.546
 24569.9 31 1.547
 1.946 31 1.548
 1.832 31 1.549
 1.635 31 1.55
 20202.4 32 1.551
 0.999 32 1.552
 16808.9 32 1.553
 2.424 32 1.554
 1.418 32 1.555
 2.626 32 1.556
 2.073 32 1.557
 6.35 32 1.558
 1.741 32 1.559
 1.978 32 1.56
 1.31 32 1.561
 1.39 32 1.562
 1.362 32 1.563
 1.741 32 1.564
 3.045 32 1.565
 1.332 32 1.566
 1.312 32 1.567
 1.092 32 1.568
 1.772 32 1.569
 0.975 32 1.57
 0.949 32 1.571
 0.951 32 1.572
 0.959 32 1.573
 1.261 32 1.574
 0.911 32 1.575
 0.917 32 1.576
 1.193 32 1.577
 1.055 32 1.578
 1.244 32 1.579
 1.194 32 1.58
 25609.7 32 1.581
 1.282 32 1.582
 19652.6 32 1.583
 0.982 32 1.584
 1.232 32 1.585
 1.128 32 1.586
 0.929 32 1.587
 1.069 32 1.588
 0.936 32 1.589
 1.008 32 1.59
 0.939 32 1.591
 0.925 32 1.592
 1.429 32 1.593
 1.172 32 1.594
 0.988 32 1.595
 0.926 32 1.596
 22695.3 32 1.597
 21869.5 32 1.598
 1.543 32 1.599
 1.059 32 1.6
 30210.9 33 1.601
 1.063 33 1.602
 1.474 33 1.603
 1.1 33 1.604
 1.618 33 1.605
 1.704 33 1.606
 1.262 33 1.607
 2.077 33 1.608
 1.403 33 1.609
 1.268 33 1.61
 1.1 33 1.611
 1.132 33 1.612
 1.216 33 1.613
 1.516 33 1.614
 1.057 33 1.615
 1.022 33 1.616
 0.99 33 1.617
 1.042 33 1.618
 0.996 33 1.619
 1.137 33 1.62
 1.219 33 1.621
 1.123 33 1.622
 1.138 33 1.623
 33382.1 33 1.624
 1.628 33 1.625
 1.254 33 1.626
 1.091 33 1.627
 1.163 33 1.628
 1.007 33 1.629
 29765.7 33 1.63
 1.731 33 1.631
 1.592 33 1.632
 1.168 33 1.633
 29981.7 33 1.634
 1.788 33 1.635
 1.478 33 1.636
 1.263 33 1.637
 1.335 33 1.638
 1.423 33 1.639
 1.499 33 1.64
 1.286 33 1.641
 27296.6 33 1.642
 1.362 33 1.643
 1.146 33 1.644
 1.139 33 1.645
 1.213 33 1.646
 1.136 33 1.647
 1.553 33 1.648
 1.261 33 1.649
 1.208 33 1.65
 24324.8 34 1.651
 2.239 34 1.652
 1.418 34 1.653
 1.97 34 1.654
 1.456 34 1.655
 1.531 34 1.656
 1.333 34 1.657
 1.085 34 1.658
 1.174 34 1.659
 29830.1 34 1.66
 1.122 34 1.661
 1.379 34 1.662
 1.177 34 1.663
 1.197 34 1.664
 1.304 34 1.665
 1.056 34 1.666
 1.597 34 1.667
 1.271 34 1.668
 28970.8 34 1.669
 1.49 34 1.67
 1.891 34 1.671
 1.471 34 1.672
 1.211 34 1.673
 24298.9 34 1.674
 1.218 34 1.675
 1.31 34 1.676
 1.219 34 1.677
 1.219 34 1.678
 1.224 34 1.679
 1.217 34 1.68
 1.201 34 1.681
 1.214 34 1.682
 1.338 34 1.683
 1.212 34 1.684
 1.215 34 1.685
 1.279 34 1.686
 1.275 34 1.687
 1.3 34 1.688
 1.269 34 1.689
 1.223 34 1.69
 1.207 34 1.691
 1.226 34 1.692
 1.226 34 1.693
 1.225 34 1.694
 1.196 34 1.695
 1.21 34 1.696
 1.218 34 1.697
 1.291 34 1.698
 1.281 34 1.699
 1.218 34 1.7
 20933.1 35 1.701
 1.186 35 1.702
 1.086 35 1.703
 1.049 35 1.704
 1.05 35 1.705
 1.067 35 1.706
 1.061 35 1.707
 1.042 35 1.708
 1.056 35 1.709
 1.044 35 1.71
 0.982 35 1.711
 1.07 35 1.712
 1.056 35 1.713
 1.111 35 1.714
 1.063 35 1.715
 1.059 35 1.716
 1.036 35 1.717
 1.06 35 1.718
 1.132 35 1.719
 1.052 35 1.72
 1.053 35 1.721
 1.201 35 1.722
 0.999 35 1.723
 1.074 35 1.724
 1.12 35 1.725
 1.078 35 1.726
 1.057 35 1.727
 1.079 35 1.728
 1.067 35 1.729
 1.089 35 1.73
 1.072 35 1.731
 1.056 35 1.732
 24940.5 35 1.733
 24925.5 35 1.734
 25811.9 35 1.735
 29952.1 35 1.736
 22571.1 35 1.737
 2.547 35 1.738
 25817.9 35 1.739
 21359.8 35 1.74
 25425.1 35 1.741
 1.163 35 1.742
 1.082 35 1.743
 1.05 35 1.744
 1.054 35 1.745
 1.05 35 1.746
 1.1 35 1.747
 1.059 35 1.748
 0.998 35 1.749
 1.058 35 1.75
 28980.3 36 1.751
 1.226 36 1.752
 1.159 36 1.753
 1.293 36 1.754
 1.096 36 1.755
 1.082 36 1.756
 1.097 36 1.757
 1.096 36 1.758
 1.147 36 1.759
 1.09 36 1.76
 1.093 36 1.761
 1.094 36 1.762
 1.098 36 1.763
 1.124 36 1.764
 1.104 36 1.765
 1.089 36 1.766
 1.093 36 1.767
 1.085 36 1.768
 1.071 36 1.769
 1.112 36 1.77
 1.091 36 1.771
 1.158 36 1.772
 1.084 36 1.773
 1.073 36 1.774
 1.084 36 1.775
 1.102 36 1.776
 1.217 36 1.777
 1.102 36 1.778
 1.103 36 1.779
 1.191 36 1.78
 1.103 36 1.781
 1.1 36 1.782
 1.111 36 1.783
 1.088 36 1.784
 1.098 36 1.785
 1.046 36 1.786
 1.075 36 1.787
 1.101 36 1.788
 1.075 36 1.789
 1.083 36 1.79
 1.082 36 1.791
 1.024 36 1.792
 1.167 36 1.793
 1.097 36 1.794
 1.099 36 1.795
 1.085 36 1.796
 1.092 36 1.797
 1.102 36 1.798
 1.16 36 1.799
 1.084 36 1.8
 30743.9 37 1.801
 1.38 37 1.802
 1.205 37 1.803
 1.178 37 1.804
 1.126 37 1.805
 1.201 37 1.806
 1.127 37 1.807
 1.146 37 1.808
 1.139 37 1.809
 1.121 37 1.81
 1.136 37 1.811
 1.131 37 1.812
 1.13 37 1.813
 1.123 37 1.814
 1.133 37 1.815
 1.075 37 1.816
 1.138 37 1.817
 1.207 37 1.818
 1.18 37 1.819
 1.192 37 1.82
 1.126 37 1.821
 1.143 37 1.822
 1.145 37 1.823
 1.124 37 1.824
 1.124 37 1.825
 1.131 37 1.826
 1.143 37 1.827
 1.233 37 1.828
 1.131 37 1.829
 1.123 37 1.83
 1.131 37 1.831
 1.127 37 1.832
 1.13 37 1.833
 1.134 37 1.834
 1.113 37 1.835
 1.129 37 1.836
 1.123 37 1.837
 1.13 37 1.838
 1.132 37 1.839
 1.129 37 1.84
 1.127 37 1.841
 1.131 37 1.842
 1.134 37 1.843
 1.125 37 1.844
 1.157 37 1.845
 1.137 37 1.846
 1.132 37 1.847
 1.134 37 1.848
 1.127 37 1.849
 1.131 37 1.85
 33888.7 38 1.851
 1.287 38 1.852
 1.448 38 1.853
 1.293 38 1.854
 1.418 38 1.855
 1.986 38 1.856
 1.772 38 1.857
 1.482 38 1.858
 1.576 38 1.859
 1.579 38 1.86
 1.574 38 1.861
 2.498 38 1.862
 1.689 38 1.863
 1.624 38 1.864
 1.641 38 1.865
 1.63 38 1.866
 1.946 38 1.867
 2.63 38 1.868
 2.541 38 1.869
 2.499 38 1.87
 2.163 38 1.871
 1.479 38 1.872
 2.411 38 1.873
 2.352 38 1.874
 2.56 38 1.875
 1.567 38 1.876
 1.916 38 1.877
 1.579 38 1.878
 1.985 38 1.879
 2.491 38 1.88
 2.13 38 1.881
 2.294 38 1.882
 2.318 38 1.883
 1.522 38 1.884
 1.58 38 1.885
 1.764 38 1.886
 2.335 38 1.887
 1.571 38 1.888
 1.53 38 1.889
 1.779 38 1.89
 2.305 38 1.891
 1.772 38 1.892
 1.955 38 1.893
 1.513 38 1.894
 1.563 38 1.895
 1.567 38 1.896
 1.579 38 1.897
 1.626 38 1.898
 1.632 38 1.899
 2.513 38 1.9
 43856 39 1.901
 1.266 39 1.902
 1.423 39 1.903
 1.395 39 1.904
 1.272 39 1.905
 1.257 39 1.906
 1.274 39 1.907
 1.227 39 1.908
 1.348 39 1.909
 1.266 39 1.91
 1.229 39 1.911
 1.268 39 1.912
 1.281 39 1.913
 1.392 39 1.914
 2.258 39 1.915
 1.475 39 1.916
 1.34 39 1.917
 1.259 39 1.918
 1.481 39 1.919
 1.516 39 1.92
 1.293 39 1.921
 1.331 39 1.922
 2.34 39 1.923
 1.268 39 1.924
 1.695 39 1.925
 1.242 39 1.926
 1.256 39 1.927
 1.348 39 1.928
 1.34 39 1.929
 1.242 39 1.93
 1.27 39 1.931
 1.269 39 1.932
 1.253 39 1.933
 1.227 39 1.934
 1.223 39 1.935
 1.241 39 1.936
 1.254 39 1.937
 1.598 39 1.938
 1.613 39 1.939
 7.157 39 1.94
 1.672 39 1.941
 1.637 39 1.942
 6.026 39 1.943
 1.556 39 1.944
 2.903 39 1.945
 1.606 39 1.946
 1.465 39 1.947
 1.865 39 1.948
 2.322 39 1.949
 3.743 39 1.95
 38819.6 40 1.951
 1.507 40 1.952
 1.471 40 1.953
 1.489 40 1.954
 1.549 40 1.955
 1.472 40 1.956
 1.434 40 1.957
 1.418 40 1.958
 1.423 40 1.959
 1.432 40 1.96
 1.443 40 1.961
 1.425 40 1.962
 1.411 40 1.963
 1.59 40 1.964
 1.451 40 1.965
 1.423 40 1.966
 1.434 40 1.967
 1.391 40 1.968
 1.407 40 1.969
 1.418 40 1.97
 1.405 40 1.971
 1.425 40 1.972
 1.432 40 1.973
 1.413 40 1.974
 1.538 40 1.975
 1.476 40 1.976
 1.416 40 1.977
 1.43 40 1.978
 1.426 40 1.979
 1.419 40 1.98
 1.42 40 1.981
 1.414 40 1.982
 1.417 40 1.983
 1.44 40 1.984
 1.403 40 1.985
 1.434 40 1.986
 1.424 40 1.987
 1.42 40 1.988
 1.418 40 1.989
 1.41 40 1.99
 1.408 40 1.991
 1.411 40 1.992
 1.473 40 1.993
 1.484 40 1.994
 1.405 40 1.995
 1.434 40 1.996
 1.417 40 1.997
 1.468 40 1.998
 1.43 40 1.999
 1.423 40 2
