 0.542 1 0.001
 0.6 1 0.002
 0.644 1 0.003
 0.652 1 0.004
 0.637 1 0.005
 0.549 1 0.006
 0.516 1 0.007
 0.694 1 0.008
 0.577 1 0.009
 0.579 1 0.01
 0.595 1 0.011
 0.571 1 0.012
 0.581 1 0.013
 0.575 1 0.014
 0.509 1 0.015
 0.488 1 0.016
 0.496 1 0.017
 0.552 1 0.018
 0.544 1 0.019
 0.572 1 0.02
 0.608 1 0.021
 0.593 1 0.022
 0.554 1 0.023
 0.579 1 0.024
 0.564 1 0.025
 0.544 1 0.026
 0.54 1 0.027
 0.534 1 0.028
 0.542 1 0.029
 0.53 1 0.03
 0.54 1 0.031
 0.534 1 0.032
 0.532 1 0.033
 0.545 1 0.034
 0.547 1 0.035
 0.548 1 0.036
 0.537 1 0.037
 0.55 1 0.038
 0.5 1 0.039
 0.548 1 0.04
 0.503 1 0.041
 0.596 1 0.042
 0.485 1 0.043
 0.467 1 0.044
 0.509 1 0.045
 0.452 1 0.046
 0.429 1 0.047
 0.458 1 0.048
 0.416 1 0.049
 0.511 2 0.05
 0.576 2 0.051
 0.573 2 0.052
 0.564 2 0.053
 0.528 2 0.054
 0.571 2 0.055
 0.54 2 0.056
 0.567 2 0.057
 0.578 2 0.058
 0.573 2 0.059
 0.576 2 0.06
 0.514 2 0.061
 0.558 2 0.062
 0.573 2 0.063
 0.519 2 0.064
 0.58 2 0.065
 0.602 2 0.066
 0.566 2 0.067
 0.568 2 0.068
 0.509 2 0.069
 0.564 2 0.07
 0.574 2 0.071
 0.567 2 0.072
 0.491 2 0.073
 0.508 2 0.074
 0.482 2 0.075
 0.482 2 0.076
 0.513 2 0.077
 0.486 2 0.078
 0.577 2 0.079
 0.572 2 0.08
 0.568 2 0.081
 0.565 2 0.082
 0.568 2 0.083
 0.572 2 0.084
 0.524 2 0.085
 0.581 2 0.086
 0.57 2 0.087
 0.579 2 0.088
 0.572 2 0.089
 0.51 2 0.09
 0.558 2 0.091
 0.564 2 0.092
 0.564 2 0.093
 0.521 2 0.094
 0.565 2 0.095
 0.566 2 0.096
 0.546 2 0.097
 0.577 2 0.098
 0.566 2 0.099
 0.597 3 0.1
 0.577 3 0.101
 0.574 3 0.102
 0.638 3 0.103
 0.575 3 0.104
 0.581 3 0.105
 0.595 3 0.106
 0.646 3 0.107
 0.634 3 0.108
 0.577 3 0.109
 0.621 3 0.11
 0.675 3 0.111
 0.579 3 0.112
 0.593 3 0.113
 0.576 3 0.114
 0.59 3 0.115
 0.58 3 0.116
 0.579 3 0.117
 0.578 3 0.118
 0.639 3 0.119
 0.585 3 0.12
 0.518 3 0.121
 0.523 3 0.122
 0.555 3 0.123
 0.609 3 0.124
 0.528 3 0.125
 0.689 3 0.126
 0.516 3 0.127
 0.553 3 0.128
 0.596 3 0.129
 0.52 3 0.13
 0.578 3 0.131
 0.52 3 0.132
 0.585 3 0.133
 0.62 3 0.134
 0.539 3 0.135
 0.572 3 0.136
 0.609 3 0.137
 0.517 3 0.138
 0.528 3 0.139
 0.571 3 0.14
 0.567 3 0.141
 0.525 3 0.142
 0.597 3 0.143
 0.534 3 0.144
 0.545 3 0.145
 0.68 3 0.146
 0.52 3 0.147
 0.554 3 0.148
 0.64 3 0.149
 0.524 4 0.15
 0.642 4 0.151
 0.558 4 0.152
 0.603 4 0.153
 0.616 4 0.154
 0.559 4 0.155
 0.589 4 0.156
 0.538 4 0.157
 0.453 4 0.158
 0.674 4 0.159
 0.599 4 0.16
 0.611 4 0.161
 0.533 4 0.162
 0.617 4 0.163
 0.537 4 0.164
 0.504 4 0.165
 0.615 4 0.166
 0.547 4 0.167
 0.581 4 0.168
 0.537 4 0.169
 0.657 4 0.17
 0.684 4 0.171
 0.558 4 0.172
 0.68 4 0.173
 0.566 4 0.174
 0.625 4 0.175
 0.63 4 0.176
 0.542 4 0.177
 0.607 4 0.178
 0.522 4 0.179
 0.584 4 0.18
 0.554 4 0.181
 0.681 4 0.182
 0.532 4 0.183
 0.573 4 0.184
 0.506 4 0.185
 0.532 4 0.186
 0.618 4 0.187
 0.573 4 0.188
 0.535 4 0.189
 0.596 4 0.19
 0.599 4 0.191
 0.534 4 0.192
 0.588 4 0.193
 0.577 4 0.194
 0.526 4 0.195
 0.56 4 0.196
 0.658 4 0.197
 0.712 4 0.198
 0.556 4 0.199
 0.509 5 0.2
 0.537 5 0.201
 0.512 5 0.202
 0.542 5 0.203
 0.558 5 0.204
 0.607 5 0.205
 0.543 5 0.206
 0.549 5 0.207
 0.596 5 0.208
 0.552 5 0.209
 0.631 5 0.21
 0.607 5 0.211
 0.544 5 0.212
 0.623 5 0.213
 0.63 5 0.214
 0.546 5 0.215
 0.587 5 0.216
 0.542 5 0.217
 0.621 5 0.218
 0.731 5 0.219
 0.628 5 0.22
 0.627 5 0.221
 0.597 5 0.222
 0.535 5 0.223
 0.589 5 0.224
 0.674 5 0.225
 0.693 5 0.226
 0.641 5 0.227
 0.689 5 0.228
 0.663 5 0.229
 0.636 5 0.23
 0.594 5 0.231
 0.584 5 0.232
 0.558 5 0.233
 0.61 5 0.234
 0.541 5 0.235
 0.544 5 0.236
 0.619 5 0.237
 0.468 5 0.238
 0.639 5 0.239
 0.581 5 0.24
 0.543 5 0.241
 0.667 5 0.242
 0.694 5 0.243
 0.57 5 0.244
 0.605 5 0.245
 0.55 5 0.246
 0.542 5 0.247
 0.583 5 0.248
 0.576 5 0.249
 0.533 6 0.25
 0.603 6 0.251
 0.621 6 0.252
 0.596 6 0.253
 0.545 6 0.254
 0.546 6 0.255
 0.626 6 0.256
 0.564 6 0.257
 0.597 6 0.258
 0.539 6 0.259
 0.585 6 0.26
 0.608 6 0.261
 0.558 6 0.262
 0.604 6 0.263
 0.617 6 0.264
 0.548 6 0.265
 0.598 6 0.266
 0.538 6 0.267
 0.611 6 0.268
 0.525 6 0.269
 0.644 6 0.27
 0.631 6 0.271
 0.486 6 0.272
 0.555 6 0.273
 0.597 6 0.274
 0.555 6 0.275
 0.619 6 0.276
 0.584 6 0.277
 0.558 6 0.278
 0.612 6 0.279
 0.547 6 0.28
 0.627 6 0.281
 0.635 6 0.282
 0.548 6 0.283
 0.599 6 0.284
 0.561 6 0.285
 0.597 6 0.286
 0.599 6 0.287
 0.554 6 0.288
 0.638 6 0.289
 0.476 6 0.29
 0.598 6 0.291
 0.602 6 0.292
 0.547 6 0.293
 0.555 6 0.294
 0.555 6 0.295
 0.628 6 0.296
 0.644 6 0.297
 0.558 6 0.298
 0.6 6 0.299
 0.647 7 0.3
 0.631 7 0.301
 0.615 7 0.302
 0.573 7 0.303
 0.612 7 0.304
 0.564 7 0.305
 0.686 7 0.306
 0.625 7 0.307
 0.564 7 0.308
 0.626 7 0.309
 0.56 7 0.31
 0.527 7 0.311
 0.611 7 0.312
 0.563 7 0.313
 0.619 7 0.314
 0.692 7 0.315
 0.603 7 0.316
 0.569 7 0.317
 0.622 7 0.318
 0.645 7 0.319
 0.573 7 0.32
 0.635 7 0.321
 0.577 7 0.322
 0.605 7 0.323
 0.726 7 0.324
 0.554 7 0.325
 0.609 7 0.326
 0.558 7 0.327
 0.589 7 0.328
 0.553 7 0.329
 0.636 7 0.33
 0.635 7 0.331
 0.571 7 0.332
 0.622 7 0.333
 0.56 7 0.334
 0.632 7 0.335
 0.613 7 0.336
 0.562 7 0.337
 0.601 7 0.338
 0.607 7 0.339
 0.637 7 0.34
 0.602 7 0.341
 0.559 7 0.342
 0.599 7 0.343
 0.575 7 0.344
 0.613 7 0.345
 0.688 7 0.346
 0.581 7 0.347
 0.613 7 0.348
 0.558 7 0.349
 0.542 8 0.35
 0.626 8 0.351
 0.622 8 0.352
 0.744 8 0.353
 0.582 8 0.354
 0.607 8 0.355
 0.591 8 0.356
 0.639 8 0.357
 0.572 8 0.358
 0.714 8 0.359
 0.584 8 0.36
 0.638 8 0.361
 0.562 8 0.362
 0.572 8 0.363
 0.646 8 0.364
 0.568 8 0.365
 0.642 8 0.366
 0.607 8 0.367
 0.615 8 0.368
 0.576 8 0.369
 0.62 8 0.37
 0.582 8 0.371
 0.617 8 0.372
 0.569 8 0.373
 0.536 8 0.374
 0.611 8 0.375
 0.628 8 0.376
 0.626 8 0.377
 0.555 8 0.378
 0.612 8 0.379
 0.587 8 0.38
 0.626 8 0.381
 0.504 8 0.382
 0.564 8 0.383
 0.621 8 0.384
 0.61 8 0.385
 0.571 8 0.386
 0.608 8 0.387
 0.576 8 0.388
 0.532 8 0.389
 0.59 8 0.39
 0.617 8 0.391
 0.567 8 0.392
 0.622 8 0.393
 0.555 8 0.394
 0.61 8 0.395
 0.809 8 0.396
 0.586 8 0.397
 0.615 8 0.398
 0.573 8 0.399
 0.549 9 0.4
 0.657 9 0.401
 0.635 9 0.402
 0.617 9 0.403
 0.642 9 0.404
 0.562 9 0.405
 0.627 9 0.406
 0.714 9 0.407
 0.662 9 0.408
 0.616 9 0.409
 0.591 9 0.41
 0.544 9 0.411
 0.597 9 0.412
 0.744 9 0.413
 0.604 9 0.414
 0.626 9 0.415
 0.57 9 0.416
 0.624 9 0.417
 0.645 9 0.418
 0.611 9 0.419
 0.578 9 0.42
 0.645 9 0.421
 0.654 9 0.422
 0.577 9 0.423
 0.615 9 0.424
 0.588 9 0.425
 0.617 9 0.426
 0.612 9 0.427
 0.766 9 0.428
 0.596 9 0.429
 0.623 9 0.43
 0.59 9 0.431
 0.643 9 0.432
 0.587 9 0.433
 0.697 9 0.434
 0.583 9 0.435
 0.624 9 0.436
 0.681 9 0.437
 0.775 9 0.438
 0.593 9 0.439
 0.559 9 0.44
 0.657 9 0.441
 0.544 9 0.442
 0.58 9 0.443
 0.574 9 0.444
 0.563 9 0.445
 0.613 9 0.446
 0.601 9 0.447
 0.664 9 0.448
 0.593 9 0.449
 0.557 10 0.45
 0.59 10 0.451
 0.778 10 0.452
 1.503 10 0.453
 0.644 10 0.454
 0.579 10 0.455
 0.624 10 0.456
 0.589 10 0.457
 0.815 10 0.458
 0.624 10 0.459
 0.634 10 0.46
 0.598 10 0.461
 0.627 10 0.462
 0.72 10 0.463
 0.643 10 0.464
 0.582 10 0.465
 0.583 10 0.466
 0.575 10 0.467
 0.548 10 0.468
 0.669 10 0.469
 0.622 10 0.47
 0.595 10 0.471
 0.658 10 0.472
 0.59 10 0.473
 0.635 10 0.474
 0.579 10 0.475
 0.635 10 0.476
 0.608 10 0.477
 0.564 10 0.478
 0.506 10 0.479
 0.691 10 0.48
 0.582 10 0.481
 0.634 10 0.482
 0.591 10 0.483
 0.626 10 0.484
 0.596 10 0.485
 0.628 10 0.486
 0.617 10 0.487
 0.624 10 0.488
 0.592 10 0.489
 0.64 10 0.49
 0.506 10 0.491
 0.626 10 0.492
 0.592 10 0.493
 0.633 10 0.494
 0.589 10 0.495
 0.629 10 0.496
 0.66 10 0.497
 0.637 10 0.498
 0.591 10 0.499
 0.659 11 0.5
 0.739 11 0.501
 0.645 11 0.502
 0.588 11 0.503
 0.671 11 0.504
 0.595 11 0.505
 0.642 11 0.506
 0.599 11 0.507
 0.594 11 0.508
 0.708 11 0.509
 0.62 11 0.51
 0.596 11 0.511
 0.644 11 0.512
 0.614 11 0.513
 0.629 11 0.514
 0.612 11 0.515
 0.603 11 0.516
 0.591 11 0.517
 0.645 11 0.518
 0.588 11 0.519
 0.638 11 0.52
 0.597 11 0.521
 0.656 11 0.522
 0.679 11 0.523
 0.688 11 0.524
 0.702 11 0.525
 0.646 11 0.526
 0.657 11 0.527
 0.635 11 0.528
 0.653 11 0.529
 0.669 11 0.53
 0.648 11 0.531
 0.647 11 0.532
 0.569 11 0.533
 0.784 11 0.534
 0.649 11 0.535
 0.654 11 0.536
 0.645 11 0.537
 0.635 11 0.538
 0.531 11 0.539
 0.64 11 0.54
 0.727 11 0.541
 0.634 11 0.542
 0.641 11 0.543
 0.647 11 0.544
 0.64 11 0.545
 0.602 11 0.546
 0.65 11 0.547
 0.633 11 0.548
 0.649 11 0.549
 0.582 12 0.55
 0.644 12 0.551
 0.646 12 0.552
 0.654 12 0.553
 0.649 12 0.554
 0.65 12 0.555
 0.635 12 0.556
 0.633 12 0.557
 0.652 12 0.558
 0.603 12 0.559
 0.639 12 0.56
 0.597 12 0.561
 0.64 12 0.562
 0.676 12 0.563
 0.67 12 0.564
 0.654 12 0.565
 0.648 12 0.566
 0.559 12 0.567
 0.662 12 0.568
 0.6 12 0.569
 0.669 12 0.57
 0.652 12 0.571
 0.583 12 0.572
 0.641 12 0.573
 0.613 12 0.574
 0.671 12 0.575
 0.583 12 0.576
 0.763 12 0.577
 0.643 12 0.578
 0.657 12 0.579
 0.676 12 0.58
 0.666 12 0.581
 0.648 12 0.582
 0.646 12 0.583
 0.583 12 0.584
 0.663 12 0.585
 0.671 12 0.586
 0.581 12 0.587
 0.642 12 0.588
 0.588 12 0.589
 0.647 12 0.59
 0.609 12 0.591
 0.633 12 0.592
 0.599 12 0.593
 0.66 12 0.594
 0.693 12 0.595
 0.668 12 0.596
 0.684 12 0.597
 0.632 12 0.598
 0.754 12 0.599
 0.657 13 0.6
 0.581 13 0.601
 0.593 13 0.602
 0.649 13 0.603
 0.607 13 0.604
 0.675 13 0.605
 0.667 13 0.606
 0.679 13 0.607
 0.663 13 0.608
 0.6 13 0.609
 0.644 13 0.61
 0.661 13 0.611
 0.659 13 0.612
 0.612 13 0.613
 0.65 13 0.614
 0.668 13 0.615
 0.607 13 0.616
 0.64 13 0.617
 0.71 13 0.618
 0.686 13 0.619
 0.657 13 0.62
 0.669 13 0.621
 0.696 13 0.622
 0.697 13 0.623
 0.643 13 0.624
 0.667 13 0.625
 0.647 13 0.626
 0.657 13 0.627
 0.606 13 0.628
 0.661 13 0.629
 0.636 13 0.63
 0.657 13 0.631
 0.667 13 0.632
 0.672 13 0.633
 0.658 13 0.634
 0.61 13 0.635
 0.644 13 0.636
 0.663 13 0.637
 0.663 13 0.638
 0.662 13 0.639
 0.645 13 0.64
 0.679 13 0.641
 0.629 13 0.642
 0.679 13 0.643
 0.618 13 0.644
 0.66 13 0.645
 0.694 13 0.646
 0.66 13 0.647
 0.658 13 0.648
 0.703 13 0.649
 0.582 14 0.65
 0.613 14 0.651
 0.69 14 0.652
 0.673 14 0.653
 0.654 14 0.654
 0.673 14 0.655
 0.829 14 0.656
 0.646 14 0.657
 0.621 14 0.658
 0.685 14 0.659
 0.67 14 0.66
 0.593 14 0.661
 0.658 14 0.662
 0.62 14 0.663
 0.655 14 0.664
 0.731 14 0.665
 0.581 14 0.666
 0.716 14 0.667
 0.675 14 0.668
 0.66 14 0.669
 0.672 14 0.67
 0.657 14 0.671
 0.668 14 0.672
 0.603 14 0.673
 0.663 14 0.674
 0.686 14 0.675
 0.615 14 0.676
 0.671 14 0.677
 0.72 14 0.678
 0.677 14 0.679
 0.673 14 0.68
 0.617 14 0.681
 0.664 14 0.682
 0.704 14 0.683
 0.664 14 0.684
 0.69 14 0.685
 0.65 14 0.686
 0.656 14 0.687
 0.672 14 0.688
 0.653 14 0.689
 0.68 14 0.69
 0.615 14 0.691
 0.682 14 0.692
 0.675 14 0.693
 0.657 14 0.694
 0.67 14 0.695
 0.633 14 0.696
 0.65 14 0.697
 0.67 14 0.698
 0.661 14 0.699
 0.615 15 0.7
 0.626 15 0.701
 0.678 15 0.702
 0.671 15 0.703
 0.663 15 0.704
 0.671 15 0.705
 0.683 15 0.706
 0.593 15 0.707
 0.672 15 0.708
 0.62 15 0.709
 0.676 15 0.71
 0.67 15 0.711
 0.649 15 0.712
 0.667 15 0.713
 0.684 15 0.714
 0.665 15 0.715
 0.599 15 0.716
 0.655 15 0.717
 0.674 15 0.718
 0.641 15 0.719
 0.677 15 0.72
 0.678 15 0.721
 0.654 15 0.722
 0.702 15 0.723
 0.688 15 0.724
 0.629 15 0.725
 0.68 15 0.726
 0.744 15 0.727
 0.663 15 0.728
 0.681 15 0.729
 0.621 15 0.73
 0.673 15 0.731
 0.686 15 0.732
 0.663 15 0.733
 0.691 15 0.734
 0.722 15 0.735
 0.662 15 0.736
 0.67 15 0.737
 0.633 15 0.738
 0.707 15 0.739
 0.702 15 0.74
 0.686 15 0.741
 0.681 15 0.742
 0.652 15 0.743
 0.69 15 0.744
 0.673 15 0.745
 0.631 15 0.746
 0.665 15 0.747
 0.685 15 0.748
 0.593 15 0.749
 0.624 16 0.75
 0.645 16 0.751
 0.635 16 0.752
 0.765 16 0.753
 0.648 16 0.754
 0.692 16 0.755
 0.69 16 0.756
 0.718 16 0.757
 0.691 16 0.758
 0.681 16 0.759
 0.677 16 0.76
 0.69 16 0.761
 0.657 16 0.762
 0.628 16 0.763
 0.631 16 0.764
 0.701 16 0.765
 0.709 16 0.766
 0.703 16 0.767
 0.7 16 0.768
 0.712 16 0.769
 0.716 16 0.77
 0.702 16 0.771
 0.728 16 0.772
 0.655 16 0.773
 0.68 16 0.774
 0.691 16 0.775
 0.638 16 0.776
 0.72 16 0.777
 0.712 16 0.778
 0.64 16 0.779
 0.688 16 0.78
 0.692 16 0.781
 0.666 16 0.782
 0.694 16 0.783
 0.701 16 0.784
 0.705 16 0.785
 0.696 16 0.786
 0.616 16 0.787
 0.661 16 0.788
 0.696 16 0.789
 0.691 16 0.79
 0.642 16 0.791
 0.684 16 0.792
 0.693 16 0.793
 0.648 16 0.794
 0.711 16 0.795
 0.778 16 0.796
 0.686 16 0.797
 0.692 16 0.798
 0.7 16 0.799
 0.741 17 0.8
 0.705 17 0.801
 0.713 17 0.802
 0.703 17 0.803
 0.71 17 0.804
 0.711 17 0.805
 0.64 17 0.806
 0.827 17 0.807
 0.909 17 0.808
 0.695 17 0.809
 0.712 17 0.81
 0.678 17 0.811
 0.659 17 0.812
 0.624 17 0.813
 0.713 17 0.814
 0.934 17 0.815
 0.709 17 0.816
 0.731 17 0.817
 0.663 17 0.818
 0.718 17 0.819
 0.706 17 0.82
 0.646 17 0.821
 0.691 17 0.822
 0.702 17 0.823
 0.649 17 0.824
 0.694 17 0.825
 0.709 17 0.826
 0.664 17 0.827
 0.698 17 0.828
 0.708 17 0.829
 0.7 17 0.83
 0.712 17 0.831
 0.709 17 0.832
 0.687 17 0.833
 0.696 17 0.834
 0.709 17 0.835
 0.592 17 0.836
 0.641 17 0.837
 0.722 17 0.838
 0.712 17 0.839
 0.626 17 0.84
 0.71 17 0.841
 0.715 17 0.842
 0.708 17 0.843
 0.699 17 0.844
 0.718 17 0.845
 0.732 17 0.846
 0.707 17 0.847
 0.708 17 0.848
 0.706 17 0.849
 0.638 18 0.85
 0.728 18 0.851
 0.755 18 0.852
 0.704 18 0.853
 0.719 18 0.854
 0.73 18 0.855
 0.806 18 0.856
 0.717 18 0.857
 0.718 18 0.858
 0.772 18 0.859
 0.703 18 0.86
 0.764 18 0.861
 0.712 18 0.862
 0.728 18 0.863
 0.726 18 0.864
 0.718 18 0.865
 0.751 18 0.866
 0.823 18 0.867
 0.838 18 0.868
 0.719 18 0.869
 0.598 18 0.87
 0.679 18 0.871
 0.695 18 0.872
 0.728 18 0.873
 0.719 18 0.874
 0.715 18 0.875
 0.723 18 0.876
 0.729 18 0.877
 0.787 18 0.878
 0.719 18 0.879
 0.723 18 0.88
 0.663 18 0.881
 0.715 18 0.882
 0.708 18 0.883
 0.724 18 0.884
 0.722 18 0.885
 0.742 18 0.886
 0.669 18 0.887
 0.726 18 0.888
 0.718 18 0.889
 0.718 18 0.89
 0.754 18 0.891
 0.718 18 0.892
 0.818 18 0.893
 0.732 18 0.894
 0.647 18 0.895
 0.723 18 0.896
 0.777 18 0.897
 0.724 18 0.898
 0.726 18 0.899
 0.675 19 0.9
 0.729 19 0.901
 0.735 19 0.902
 0.731 19 0.903
 0.738 19 0.904
 0.739 19 0.905
 0.745 19 0.906
 0.741 19 0.907
 0.703 19 0.908
 0.714 19 0.909
 0.73 19 0.91
 0.729 19 0.911
 0.742 19 0.912
 0.738 19 0.913
 0.728 19 0.914
 0.686 19 0.915
 0.741 19 0.916
 0.734 19 0.917
 0.73 19 0.918
 0.685 19 0.919
 0.728 19 0.92
 0.724 19 0.921
 0.735 19 0.922
 0.683 19 0.923
 0.743 19 0.924
 0.73 19 0.925
 0.734 19 0.926
 0.733 19 0.927
 0.752 19 0.928
 0.735 19 0.929
 0.732 19 0.93
 0.727 19 0.931
 0.732 19 0.932
 0.809 19 0.933
 0.635 19 0.934
 0.718 19 0.935
 0.75 19 0.936
 0.86 19 0.937
 0.685 19 0.938
 0.78 19 0.939
 0.73 19 0.94
 0.731 19 0.941
 0.73 19 0.942
 0.722 19 0.943
 0.746 19 0.944
 0.732 19 0.945
 0.728 19 0.946
 0.73 19 0.947
 0.728 19 0.948
 0.726 19 0.949
 0.713 20 0.95
 0.726 20 0.951
 0.73 20 0.952
 0.665 20 0.953
 0.725 20 0.954
 0.669 20 0.955
 0.793 20 0.956
 0.737 20 0.957
 0.66 20 0.958
 0.728 20 0.959
 0.731 20 0.96
 0.806 20 0.961
 0.781 20 0.962
 0.712 20 0.963
 0.729 20 0.964
 0.704 20 0.965
 0.686 20 0.966
 0.74 20 0.967
 0.654 20 0.968
 0.721 20 0.969
 0.737 20 0.97
 0.772 20 0.971
 0.653 20 0.972
 0.729 20 0.973
 0.733 20 0.974
 0.749 20 0.975
 0.804 20 0.976
 0.732 20 0.977
 0.686 20 0.978
 0.736 20 0.979
 0.724 20 0.98
 0.827 20 0.981
 0.756 20 0.982
 0.735 20 0.983
 0.732 20 0.984
 0.742 20 0.985
 0.731 20 0.986
 0.706 20 0.987
 0.726 20 0.988
 0.787 20 0.989
 0.729 20 0.99
 0.688 20 0.991
 0.739 20 0.992
 0.718 20 0.993
 1.228 20 0.994
 0.722 20 0.995
 0.746 20 0.996
 0.723 20 0.997
 0.749 20 0.998
 0.714 20 0.999
 0.669 21 1
 0.68 21 1.001
 0.759 21 1.002
 0.822 21 1.003
 0.768 21 1.004
 0.619 21 1.005
 0.801 21 1.006
 0.759 21 1.007
 0.748 21 1.008
 0.743 21 1.009
 0.804 21 1.01
 0.811 21 1.011
 0.733 21 1.012
 0.904 21 1.013
 0.795 21 1.014
 0.797 21 1.015
 0.741 21 1.016
 0.694 21 1.017
 0.745 21 1.018
 0.753 21 1.019
 0.754 21 1.02
 0.756 21 1.021
 0.743 21 1.022
 0.759 21 1.023
 0.742 21 1.024
 0.759 21 1.025
 0.781 21 1.026
 0.745 21 1.027
 0.805 21 1.028
 0.753 21 1.029
 0.703 21 1.03
 0.661 21 1.031
 0.732 21 1.032
 0.765 21 1.033
 0.803 21 1.034
 0.767 21 1.035
 0.778 21 1.036
 0.741 21 1.037
 0.748 21 1.038
 0.644 21 1.039
 0.739 21 1.04
 0.742 21 1.041
 0.733 21 1.042
 0.747 21 1.043
 0.751 21 1.044
 0.751 21 1.045
 0.756 21 1.046
 0.744 21 1.047
 0.765 21 1.048
 0.82 21 1.049
 0.818 21 1.05
 0.715 22 1.051
 0.739 22 1.052
 0.977 22 1.053
 0.748 22 1.054
 0.758 22 1.055
 0.738 22 1.056
 0.758 22 1.057
 0.751 22 1.058
 0.75 22 1.059
 0.749 22 1.06
 0.749 22 1.061
 0.781 22 1.062
 0.823 22 1.063
 0.788 22 1.064
 0.759 22 1.065
 0.745 22 1.066
 0.754 22 1.067
 0.756 22 1.068
 0.728 22 1.069
 0.781 22 1.07
 0.699 22 1.071
 0.817 22 1.072
 0.756 22 1.073
 0.729 22 1.074
 0.746 22 1.075
 0.749 22 1.076
 0.754 22 1.077
 0.758 22 1.078
 0.712 22 1.079
 0.763 22 1.08
 0.764 22 1.081
 0.758 22 1.082
 0.686 22 1.083
 0.748 22 1.084
 0.75 22 1.085
 0.827 22 1.086
 0.843 22 1.087
 0.681 22 1.088
 0.831 22 1.089
 0.881 22 1.09
 0.825 22 1.091
 0.798 22 1.092
 0.799 22 1.093
 0.703 22 1.094
 0.756 22 1.095
 0.75 22 1.096
 0.776 22 1.097
 0.755 22 1.098
 0.709 22 1.099
 0.793 22 1.1
 0.699 23 1.101
 0.771 23 1.102
 0.724 23 1.103
 0.768 23 1.104
 0.758 23 1.105
 0.775 23 1.106
 0.774 23 1.107
 0.702 23 1.108
 0.778 23 1.109
 0.714 23 1.11
 0.79 23 1.111
 0.771 23 1.112
 0.768 23 1.113
 0.776 23 1.114
 0.772 23 1.115
 0.685 23 1.116
 0.769 23 1.117
 0.768 23 1.118
 0.732 23 1.119
 0.701 23 1.12
 0.775 23 1.121
 0.835 23 1.122
 0.853 23 1.123
 0.787 23 1.124
 0.838 23 1.125
 0.769 23 1.126
 0.77 23 1.127
 0.716 23 1.128
 0.754 23 1.129
 0.769 23 1.13
 0.78 23 1.131
 0.783 23 1.132
 0.764 23 1.133
 0.752 23 1.134
 0.766 23 1.135
 0.769 23 1.136
 0.789 23 1.137
 0.702 23 1.138
 0.774 23 1.139
 0.755 23 1.14
 0.767 23 1.141
 0.77 23 1.142
 0.77 23 1.143
 0.77 23 1.144
 0.763 23 1.145
 0.769 23 1.146
 0.765 23 1.147
 0.766 23 1.148
 0.692 23 1.149
 0.765 23 1.15
 0.698 24 1.151
 0.769 24 1.152
 0.764 24 1.153
 0.686 24 1.154
 0.757 24 1.155
 0.685 24 1.156
 0.692 24 1.157
 0.761 24 1.158
 0.759 24 1.159
 0.762 24 1.16
 0.759 24 1.161
 0.77 24 1.162
 0.705 24 1.163
 0.761 24 1.164
 0.728 24 1.165
 0.762 24 1.166
 0.763 24 1.167
 0.761 24 1.168
 0.766 24 1.169
 0.804 24 1.17
 0.756 24 1.171
 0.76 24 1.172
 0.764 24 1.173
 0.76 24 1.174
 0.761 24 1.175
 0.764 24 1.176
 0.768 24 1.177
 0.756 24 1.178
 0.757 24 1.179
 0.686 24 1.18
 0.766 24 1.181
 0.777 24 1.182
 0.757 24 1.183
 0.795 24 1.184
 0.808 24 1.185
 0.76 24 1.186
 0.767 24 1.187
 0.763 24 1.188
 0.751 24 1.189
 0.762 24 1.19
 0.764 24 1.191
 1.095 24 1.192
 0.759 24 1.193
 0.756 24 1.194
 0.76 24 1.195
 0.704 24 1.196
 0.773 24 1.197
 0.765 24 1.198
 0.76 24 1.199
 0.77 24 1.2
 0.695 25 1.201
 0.864 25 1.202
 0.789 25 1.203
 0.782 25 1.204
 0.781 25 1.205
 0.772 25 1.206
 0.779 25 1.207
 0.784 25 1.208
 0.764 25 1.209
 0.775 25 1.21
 0.773 25 1.211
 0.7 25 1.212
 0.774 25 1.213
 0.779 25 1.214
 0.799 25 1.215
 0.774 25 1.216
 0.777 25 1.217
 0.781 25 1.218
 0.777 25 1.219
 0.803 25 1.22
 0.773 25 1.221
 0.696 25 1.222
 0.742 25 1.223
 0.772 25 1.224
 0.779 25 1.225
 0.704 25 1.226
 0.776 25 1.227
 0.776 25 1.228
 0.78 25 1.229
 0.782 25 1.23
 0.785 25 1.231
 0.77 25 1.232
 0.773 25 1.233
 0.781 25 1.234
 0.779 25 1.235
 0.703 25 1.236
 0.773 25 1.237
 0.772 25 1.238
 0.774 25 1.239
 0.721 25 1.24
 0.777 25 1.241
 0.788 25 1.242
 0.775 25 1.243
 0.697 25 1.244
 0.777 25 1.245
 0.776 25 1.246
 0.775 25 1.247
 0.777 25 1.248
 0.783 25 1.249
 0.781 25 1.25
 0.726 26 1.251
 0.791 26 1.252
 0.787 26 1.253
 0.787 26 1.254
 0.791 26 1.255
 0.79 26 1.256
 0.787 26 1.257
 0.786 26 1.258
 0.78 26 1.259
 0.781 26 1.26
 0.844 26 1.261
 0.783 26 1.262
 0.775 26 1.263
 0.934 26 1.264
 0.768 26 1.265
 0.801 26 1.266
 0.805 26 1.267
 0.785 26 1.268
 0.79 26 1.269
 0.786 26 1.27
 0.876 26 1.271
 0.785 26 1.272
 0.792 26 1.273
 0.786 26 1.274
 0.788 26 1.275
 0.723 26 1.276
 0.777 26 1.277
 0.781 26 1.278
 0.784 26 1.279
 0.776 26 1.28
 0.802 26 1.281
 0.786 26 1.282
 0.791 26 1.283
 0.788 26 1.284
 0.793 26 1.285
 0.926 26 1.286
 0.799 26 1.287
 0.783 26 1.288
 0.787 26 1.289
 0.787 26 1.29
 0.792 26 1.291
 0.806 26 1.292
 0.812 26 1.293
 0.784 26 1.294
 0.788 26 1.295
 0.776 26 1.296
 0.729 26 1.297
 0.807 26 1.298
 0.788 26 1.299
 0.786 26 1.3
 0.72 27 1.301
 0.794 27 1.302
 0.797 27 1.303
 0.8 27 1.304
 0.725 27 1.305
 0.8 27 1.306
 0.801 27 1.307
 0.796 27 1.308
 0.796 27 1.309
 0.794 27 1.31
 0.797 27 1.311
 0.782 27 1.312
 0.799 27 1.313
 0.805 27 1.314
 0.801 27 1.315
 0.79 27 1.316
 0.8 27 1.317
 0.776 27 1.318
 0.72 27 1.319
 0.78 27 1.32
 0.794 27 1.321
 0.792 27 1.322
 0.793 27 1.323
 0.815 27 1.324
 0.723 27 1.325
 0.798 27 1.326
 0.8 27 1.327
 0.816 27 1.328
 0.748 27 1.329
 0.794 27 1.33
 0.794 27 1.331
 0.795 27 1.332
 0.799 27 1.333
 0.729 27 1.334
 0.833 27 1.335
 0.849 27 1.336
 0.795 27 1.337
 0.798 27 1.338
 0.781 27 1.339
 0.807 27 1.34
 0.892 27 1.341
 0.793 27 1.342
 0.796 27 1.343
 0.777 27 1.344
 0.806 27 1.345
 0.795 27 1.346
 0.794 27 1.347
 0.795 27 1.348
 0.797 27 1.349
 0.794 27 1.35
 0.753 28 1.351
 0.798 28 1.352
 0.803 28 1.353
 0.802 28 1.354
 0.758 28 1.355
 0.793 28 1.356
 0.799 28 1.357
 0.8 28 1.358
 0.794 28 1.359
 0.713 28 1.36
 0.849 28 1.361
 0.756 28 1.362
 0.764 28 1.363
 0.739 28 1.364
 0.813 28 1.365
 0.794 28 1.366
 0.8 28 1.367
 0.813 28 1.368
 0.794 28 1.369
 0.783 28 1.37
 0.791 28 1.371
 0.91 28 1.372
 0.83 28 1.373
 0.791 28 1.374
 0.716 28 1.375
 0.797 28 1.376
 0.786 28 1.377
 0.866 28 1.378
 0.72 28 1.379
 0.817 28 1.38
 0.746 28 1.381
 0.941 28 1.382
 0.71 28 1.383
 0.822 28 1.384
 0.8 28 1.385
 0.865 28 1.386
 0.755 28 1.387
 1.039 28 1.388
 0.737 28 1.389
 0.827 28 1.39
 0.812 28 1.391
 0.762 28 1.392
 0.788 28 1.393
 0.802 28 1.394
 0.808 28 1.395
 1.321 28 1.396
 0.778 28 1.397
 0.793 28 1.398
 0.851 28 1.399
 0.828 28 1.4
 0.876 29 1.401
 0.747 29 1.402
 0.834 29 1.403
 0.718 29 1.404
 0.809 29 1.405
 2.728 29 1.406
 0.827 29 1.407
 0.854 29 1.408
 0.808 29 1.409
 0.818 29 1.41
 0.808 29 1.411
 0.94 29 1.412
 0.751 29 1.413
 0.77 29 1.414
 0.744 29 1.415
 0.75 29 1.416
 0.803 29 1.417
 0.832 29 1.418
 0.832 29 1.419
 0.774 29 1.42
 0.839 29 1.421
 0.762 29 1.422
 0.873 29 1.423
 0.822 29 1.424
 0.801 29 1.425
 0.821 29 1.426
 0.846 29 1.427
 0.764 29 1.428
 1.076 29 1.429
 0.8 29 1.43
 0.786 29 1.431
 0.748 29 1.432
 0.834 29 1.433
 0.821 29 1.434
 1.188 29 1.435
 0.841 29 1.436
 1.092 29 1.437
 0.904 29 1.438
 0.794 29 1.439
 0.782 29 1.44
 0.839 29 1.441
 0.731 29 1.442
 1.134 29 1.443
 0.839 29 1.444
 0.843 29 1.445
 0.821 29 1.446
 0.769 29 1.447
 0.802 29 1.448
 0.85 29 1.449
 0.815 29 1.45
 0.842 30 1.451
 0.847 30 1.452
 1.051 30 1.453
 0.898 30 1.454
 0.71 30 1.455
 1.145 30 1.456
 0.727 30 1.457
 0.741 30 1.458
 0.921 30 1.459
 0.737 30 1.46
 0.768 30 1.461
 0.729 30 1.462
 0.72 30 1.463
 0.735 30 1.464
 0.727 30 1.465
 1.037 30 1.466
 1.059 30 1.467
 1.034 30 1.468
 0.739 30 1.469
 0.767 30 1.47
 0.988 30 1.471
 1.046 30 1.472
 4.99 30 1.473
 1.264 30 1.474
 1.07 30 1.475
 1.05 30 1.476
 1.012 30 1.477
 1.125 30 1.478
 1.011 30 1.479
 0.994 30 1.48
 1.062 30 1.481
 1.089 30 1.482
 1.047 30 1.483
 0.981 30 1.484
 0.932 30 1.485
 1.86 30 1.486
 0.993 30 1.487
 1.027 30 1.488
 1.061 30 1.489
 1.219 30 1.49
 1.155 30 1.491
 0.825 30 1.492
 1.034 30 1.493
 0.842 30 1.494
 1.292 30 1.495
 1.117 30 1.496
 0.864 30 1.497
 1.081 30 1.498
 0.804 30 1.499
 0.783 30 1.5
 0.773 31 1.501
 0.747 31 1.502
 0.828 31 1.503
 0.819 31 1.504
 0.839 31 1.505
 0.81 31 1.506
 0.776 31 1.507
 0.833 31 1.508
 0.85 31 1.509
 0.834 31 1.51
 0.788 31 1.511
 1.1 31 1.512
 1.265 31 1.513
 1.104 31 1.514
 0.857 31 1.515
 1.078 31 1.516
 0.788 31 1.517
 1.111 31 1.518
 1.06 31 1.519
 1.088 31 1.52
 0.832 31 1.521
 0.756 31 1.522
 0.821 31 1.523
 0.79 31 1.524
 0.764 31 1.525
 0.77 31 1.526
 1.051 31 1.527
 0.832 31 1.528
 0.762 31 1.529
 1.033 31 1.53
 1.305 31 1.531
 1.106 31 1.532
 1.004 31 1.533
 0.931 31 1.534
 1.226 31 1.535
 2.687 31 1.536
 1.074 31 1.537
 1.119 31 1.538
 0.81 31 1.539
 0.734 31 1.54
 0.753 31 1.541
 0.807 31 1.542
 0.761 31 1.543
 0.746 31 1.544
 0.75 31 1.545
 0.769 31 1.546
 0.743 31 1.547
 1.081 31 1.548
 0.848 31 1.549
 0.948 31 1.55
 0.714 32 1.551
 1.038 32 1.552
 1.36 32 1.553
 0.864 32 1.554
 0.769 32 1.555
 0.902 32 1.556
 0.777 32 1.557
 0.998 32 1.558
 1.004 32 1.559
 1.007 32 1.56
 1.031 32 1.561
 1.014 32 1.562
 1.011 32 1.563
 1.138 32 1.564
 1.057 32 1.565
 0.73 32 1.566
 0.815 32 1.567
 0.728 32 1.568
 1.058 32 1.569
 0.765 32 1.57
 0.731 32 1.571
 0.758 32 1.572
 1.227 32 1.573
 0.883 32 1.574
 0.844 32 1.575
 0.84 32 1.576
 0.771 32 1.577
 0.87 32 1.578
 0.812 32 1.579
 0.808 32 1.58
 0.838 32 1.581
 0.841 32 1.582
 0.964 32 1.583
 0.984 32 1.584
 0.913 32 1.585
 0.836 32 1.586
 0.834 32 1.587
 0.825 32 1.588
 0.827 32 1.589
 0.832 32 1.59
 0.869 32 1.591
 0.832 32 1.592
 0.831 32 1.593
 0.831 32 1.594
 0.851 32 1.595
 0.855 32 1.596
 0.761 32 1.597
 0.763 32 1.598
 0.763 32 1.599
 0.829 32 1.6
 1.247 33 1.601
 1.932 33 1.602
 0.795 33 1.603
 1.37 33 1.604
 0.788 33 1.605
 1.104 33 1.606
 1.178 33 1.607
 0.789 33 1.608
 0.814 33 1.609
 0.881 33 1.61
 0.889 33 1.611
 0.888 33 1.612
 0.838 33 1.613
 1.036 33 1.614
 0.845 33 1.615
 0.953 33 1.616
 0.995 33 1.617
 0.879 33 1.618
 0.852 33 1.619
 0.826 33 1.62
 0.852 33 1.621
 0.86 33 1.622
 0.994 33 1.623
 0.846 33 1.624
 0.967 33 1.625
 0.898 33 1.626
 0.881 33 1.627
 0.93 33 1.628
 0.848 33 1.629
 0.85 33 1.63
 0.774 33 1.631
 0.759 33 1.632
 0.821 33 1.633
 0.872 33 1.634
 0.996 33 1.635
 0.907 33 1.636
 0.807 33 1.637
 0.782 33 1.638
 0.87 33 1.639
 0.88 33 1.64
 0.875 33 1.641
 0.842 33 1.642
 0.846 33 1.643
 0.878 33 1.644
 0.949 33 1.645
 0.852 33 1.646
 0.933 33 1.647
 0.839 33 1.648
 0.836 33 1.649
 0.789 33 1.65
 0.8 34 1.651
 0.942 34 1.652
 0.878 34 1.653
 0.853 34 1.654
 0.891 34 1.655
 0.858 34 1.656
 0.765 34 1.657
 0.844 34 1.658
 0.836 34 1.659
 0.85 34 1.66
 0.861 34 1.661
 0.842 34 1.662
 0.776 34 1.663
 0.79 34 1.664
 0.902 34 1.665
 1.257 34 1.666
 0.864 34 1.667
 0.85 34 1.668
 0.868 34 1.669
 0.829 34 1.67
 0.769 34 1.671
 0.852 34 1.672
 0.772 34 1.673
 0.739 34 1.674
 0.852 34 1.675
 0.76 34 1.676
 0.845 34 1.677
 0.754 34 1.678
 0.911 34 1.679
 0.864 34 1.68
 0.969 34 1.681
 0.835 34 1.682
 1.021 34 1.683
 0.882 34 1.684
 0.837 34 1.685
 0.966 34 1.686
 0.848 34 1.687
 0.85 34 1.688
 0.846 34 1.689
 0.866 34 1.69
 0.823 34 1.691
 0.833 34 1.692
 0.856 34 1.693
 0.844 34 1.694
 0.863 34 1.695
 0.979 34 1.696
 0.871 34 1.697
 0.856 34 1.698
 0.873 34 1.699
 0.848 34 1.7
 0.833 35 1.701
 0.865 35 1.702
 0.845 35 1.703
 0.753 35 1.704
 0.815 35 1.705
 0.879 35 1.706
 0.841 35 1.707
 0.867 35 1.708
 0.805 35 1.709
 0.782 35 1.71
 0.803 35 1.711
 1.034 35 1.712
 0.807 35 1.713
 0.824 35 1.714
 0.886 35 1.715
 0.867 35 1.716
 0.843 35 1.717
 0.981 35 1.718
 0.863 35 1.719
 0.871 35 1.72
 0.861 35 1.721
 0.871 35 1.722
 0.787 35 1.723
 0.82 35 1.724
 1.019 35 1.725
 0.87 35 1.726
 0.901 35 1.727
 0.837 35 1.728
 0.871 35 1.729
 0.907 35 1.73
 0.873 35 1.731
 0.815 35 1.732
 0.967 35 1.733
 0.926 35 1.734
 0.871 35 1.735
 0.852 35 1.736
 0.896 35 1.737
 0.877 35 1.738
 0.865 35 1.739
 0.861 35 1.74
 0.849 35 1.741
 0.899 35 1.742
 0.792 35 1.743
 0.9 35 1.744
 0.923 35 1.745
 0.881 35 1.746
 0.782 35 1.747
 0.799 35 1.748
 0.937 35 1.749
 0.953 35 1.75
 0.798 36 1.751
 0.816 36 1.752
 1.4 36 1.753
 0.786 36 1.754
 0.772 36 1.755
 0.773 36 1.756
 0.784 36 1.757
 1.171 36 1.758
 0.881 36 1.759
 0.892 36 1.76
 0.876 36 1.761
 0.789 36 1.762
 0.871 36 1.763
 0.943 36 1.764
 0.903 36 1.765
 0.858 36 1.766
 0.873 36 1.767
 0.864 36 1.768
 0.765 36 1.769
 0.794 36 1.77
 0.842 36 1.771
 0.873 36 1.772
 0.898 36 1.773
 0.874 36 1.774
 0.926 36 1.775
 0.864 36 1.776
 0.872 36 1.777
 0.838 36 1.778
 0.825 36 1.779
 0.845 36 1.78
 0.883 36 1.781
 1.102 36 1.782
 1.039 36 1.783
 0.803 36 1.784
 0.868 36 1.785
 0.908 36 1.786
 0.859 36 1.787
 0.897 36 1.788
 0.97 36 1.789
 0.901 36 1.79
 0.828 36 1.791
 0.866 36 1.792
 0.783 36 1.793
 1.062 36 1.794
 0.848 36 1.795
 0.812 36 1.796
 0.897 36 1.797
 0.873 36 1.798
 0.801 36 1.799
 0.862 36 1.8
 0.816 37 1.801
 0.941 37 1.802
 0.86 37 1.803
 0.912 37 1.804
 0.883 37 1.805
 0.876 37 1.806
 0.853 37 1.807
 0.886 37 1.808
 0.818 37 1.809
 1.007 37 1.81
 0.919 37 1.811
 1.012 37 1.812
 1.05 37 1.813
 0.811 37 1.814
 1.037 37 1.815
 0.739 37 1.816
 0.946 37 1.817
 0.778 37 1.818
 0.88 37 1.819
 0.884 37 1.82
 0.913 37 1.821
 1.337 37 1.822
 1.201 37 1.823
 0.87 37 1.824
 0.782 37 1.825
 0.88 37 1.826
 0.925 37 1.827
 0.945 37 1.828
 0.872 37 1.829
 0.743 37 1.83
 1 37 1.831
 0.862 37 1.832
 0.85 37 1.833
 0.902 37 1.834
 0.902 37 1.835
 0.814 37 1.836
 0.797 37 1.837
 0.808 37 1.838
 0.867 37 1.839
 0.873 37 1.84
 0.893 37 1.841
 0.984 37 1.842
 0.798 37 1.843
 0.801 37 1.844
 0.943 37 1.845
 0.794 37 1.846
 0.872 37 1.847
 0.881 37 1.848
 0.806 37 1.849
 0.872 37 1.85
 0.824 38 1.851
 0.855 38 1.852
 0.886 38 1.853
 0.871 38 1.854
 0.906 38 1.855
 0.936 38 1.856
 0.822 38 1.857
 0.848 38 1.858
 0.889 38 1.859
 1.276 38 1.86
 1.157 38 1.861
 0.875 38 1.862
 0.798 38 1.863
 0.9 38 1.864
 0.855 38 1.865
 0.99 38 1.866
 1.145 38 1.867
 0.841 38 1.868
 0.892 38 1.869
 0.826 38 1.87
 0.826 38 1.871
 0.866 38 1.872
 0.917 38 1.873
 0.921 38 1.874
 0.903 38 1.875
 0.81 38 1.876
 0.877 38 1.877
 0.844 38 1.878
 0.954 38 1.879
 0.901 38 1.88
 0.838 38 1.881
 0.837 38 1.882
 0.969 38 1.883
 0.959 38 1.884
 0.906 38 1.885
 0.878 38 1.886
 0.918 38 1.887
 1.171 38 1.888
 0.873 38 1.889
 0.964 38 1.89
 0.751 38 1.891
 0.804 38 1.892
 0.897 38 1.893
 0.883 38 1.894
 1.012 38 1.895
 0.804 38 1.896
 0.814 38 1.897
 0.878 38 1.898
 0.867 38 1.899
 0.806 38 1.9
 0.889 39 1.901
 0.951 39 1.902
 0.887 39 1.903
 0.975 39 1.904
 1.019 39 1.905
 0.943 39 1.906
 0.839 39 1.907
 0.879 39 1.908
 0.881 39 1.909
 0.888 39 1.91
 0.905 39 1.911
 0.913 39 1.912
 0.931 39 1.913
 0.933 39 1.914
 1.083 39 1.915
 0.907 39 1.916
 0.905 39 1.917
 0.993 39 1.918
 0.916 39 1.919
 1.048 39 1.92
 0.898 39 1.921
 0.911 39 1.922
 1.023 39 1.923
 0.916 39 1.924
 0.914 39 1.925
 0.954 39 1.926
 0.969 39 1.927
 0.886 39 1.928
 0.9 39 1.929
 0.894 39 1.93
 0.886 39 1.931
 0.873 39 1.932
 0.904 39 1.933
 0.984 39 1.934
 0.916 39 1.935
 0.863 39 1.936
 1.176 39 1.937
 0.857 39 1.938
 0.934 39 1.939
 1.248 39 1.94
 0.957 39 1.941
 0.913 39 1.942
 1.089 39 1.943
 0.833 39 1.944
 1.719 39 1.945
 0.961 39 1.946
 0.912 39 1.947
 1.478 39 1.948
 0.821 39 1.949
 0.828 39 1.95
 0.799 40 1.951
 0.9 40 1.952
 0.82 40 1.953
 1.241 40 1.954
 0.854 40 1.955
 0.829 40 1.956
 1.353 40 1.957
 0.883 40 1.958
 0.871 40 1.959
 1.104 40 1.96
 0.809 40 1.961
 0.934 40 1.962
 0.882 40 1.963
 0.877 40 1.964
 0.891 40 1.965
 0.95 40 1.966
 0.95 40 1.967
 0.943 40 1.968
 0.922 40 1.969
 0.927 40 1.97
 1.194 40 1.971
 0.928 40 1.972
 0.819 40 1.973
 0.884 40 1.974
 1.059 40 1.975
 1.177 40 1.976
 1.07 40 1.977
 1.12 40 1.978
 1.15 40 1.979
 0.94 40 1.98
 1.328 40 1.981
 1.008 40 1.982
 0.897 40 1.983
 0.869 40 1.984
 0.848 40 1.985
 0.875 40 1.986
 0.805 40 1.987
 0.881 40 1.988
 0.897 40 1.989
 0.828 40 1.99
 0.806 40 1.991
 0.884 40 1.992
 0.817 40 1.993
 0.934 40 1.994
 0.903 40 1.995
 0.992 40 1.996
 0.816 40 1.997
 0.808 40 1.998
 0.895 40 1.999
 0.914 40 2
