 1.567 1 0.001
 0.28 1 0.002
 1.567 1 0.003
 0.24 1 0.004
 0.278 1 0.005
 0.228 1 0.006
 0.213 1 0.007
 0.206 1 0.008
 0.23 1 0.009
 0.252 1 0.01
 0.237 1 0.011
 0.25 1 0.012
 0.232 1 0.013
 0.231 1 0.014
 0.341 1 0.015
 0.249 1 0.016
 0.315 1 0.017
 0.252 1 0.018
 0.259 1 0.019
 0.217 1 0.02
 0.26 1 0.021
 0.273 1 0.022
 0.233 1 0.023
 0.263 1 0.024
 0.252 1 0.025
 0.264 1 0.026
 0.266 1 0.027
 0.269 1 0.028
 0.267 1 0.029
 0.25 1 0.03
 0.287 1 0.031
 0.196 1 0.032
 0.241 1 0.033
 0.264 1 0.034
 0.268 1 0.035
 0.216 1 0.036
 0.267 1 0.037
 0.252 1 0.038
 0.326 1 0.039
 0.28 1 0.04
 0.247 1 0.041
 0.276 1 0.042
 0.217 1 0.043
 0.246 1 0.044
 0.276 1 0.045
 0.233 1 0.046
 0.258 1 0.047
 0.261 1 0.048
 0.243 1 0.049
 0.484 2 0.05
 0.285 2 0.051
 0.257 2 0.052
 0.256 2 0.053
 0.248 2 0.054
 0.298 2 0.055
 0.267 2 0.056
 0.231 2 0.057
 0.225 2 0.058
 0.265 2 0.059
 0.297 2 0.06
 0.272 2 0.061
 0.263 2 0.062
 0.242 2 0.063
 0.265 2 0.064
 0.28 2 0.065
 0.265 2 0.066
 0.3 2 0.067
 0.251 2 0.068
 0.275 2 0.069
 0.249 2 0.07
 0.269 2 0.071
 0.295 2 0.072
 0.293 2 0.073
 0.302 2 0.074
 0.295 2 0.075
 0.248 2 0.076
 0.291 2 0.077
 0.214 2 0.078
 0.239 2 0.079
 0.323 2 0.08
 0.257 2 0.081
 0.224 2 0.082
 0.427 2 0.083
 0.235 2 0.084
 0.247 2 0.085
 0.52 2 0.086
 0.273 2 0.087
 0.24 2 0.088
 0.286 2 0.089
 0.257 2 0.09
 0.242 2 0.091
 0.227 2 0.092
 0.235 2 0.093
 0.251 2 0.094
 0.291 2 0.095
 0.225 2 0.096
 0.24 2 0.097
 0.28 2 0.098
 0.227 2 0.099
 2.072 3 0.1
 0.248 3 0.101
 0.219 3 0.102
 0.231 3 0.103
 0.238 3 0.104
 0.239 3 0.105
 0.247 3 0.106
 0.237 3 0.107
 0.296 3 0.108
 0.277 3 0.109
 0.264 3 0.11
 0.252 3 0.111
 0.239 3 0.112
 0.231 3 0.113
 0.341 3 0.114
 0.276 3 0.115
 0.256 3 0.116
 0.286 3 0.117
 0.276 3 0.118
 0.282 3 0.119
 0.339 3 0.12
 0.215 3 0.121
 0.289 3 0.122
 0.288 3 0.123
 0.274 3 0.124
 0.276 3 0.125
 0.271 3 0.126
 0.241 3 0.127
 0.253 3 0.128
 0.325 3 0.129
 0.276 3 0.13
 0.277 3 0.131
 0.277 3 0.132
 0.289 3 0.133
 0.367 3 0.134
 0.276 3 0.135
 0.25 3 0.136
 0.274 3 0.137
 0.28 3 0.138
 0.266 3 0.139
 0.272 3 0.14
 0.282 3 0.141
 0.245 3 0.142
 0.281 3 0.143
 0.247 3 0.144
 0.32 3 0.145
 0.261 3 0.146
 0.288 3 0.147
 0.234 3 0.148
 0.266 3 0.149
 3.976 4 0.15
 0.266 4 0.151
 0.297 4 0.152
 0.269 4 0.153
 0.259 4 0.154
 0.288 4 0.155
 0.268 4 0.156
 0.279 4 0.157
 0.25 4 0.158
 0.286 4 0.159
 0.262 4 0.16
 0.283 4 0.161
 0.256 4 0.162
 0.257 4 0.163
 0.252 4 0.164
 0.288 4 0.165
 0.278 4 0.166
 0.286 4 0.167
 0.285 4 0.168
 0.263 4 0.169
 0.293 4 0.17
 0.227 4 0.171
 0.293 4 0.172
 0.321 4 0.173
 0.296 4 0.174
 0.28 4 0.175
 0.258 4 0.176
 0.299 4 0.177
 0.281 4 0.178
 0.278 4 0.179
 0.297 4 0.18
 0.261 4 0.181
 0.296 4 0.182
 0.353 4 0.183
 0.278 4 0.184
 0.292 4 0.185
 0.253 4 0.186
 0.392 4 0.187
 0.26 4 0.188
 0.289 4 0.189
 0.317 4 0.19
 0.291 4 0.191
 0.284 4 0.192
 0.289 4 0.193
 0.339 4 0.194
 0.294 4 0.195
 0.321 4 0.196
 0.294 4 0.197
 0.325 4 0.198
 0.3 4 0.199
 13.284 5 0.2
 0.97 5 0.201
 0.32 5 0.202
 0.31 5 0.203
 0.221 5 0.204
 0.257 5 0.205
 0.267 5 0.206
 0.262 5 0.207
 0.28 5 0.208
 11.802 5 0.209
 0.252 5 0.21
 0.372 5 0.211
 0.263 5 0.212
 0.245 5 0.213
 0.254 5 0.214
 0.282 5 0.215
 0.254 5 0.216
 12.875 5 0.217
 0.247 5 0.218
 0.232 5 0.219
 0.235 5 0.22
 0.233 5 0.221
 0.264 5 0.222
 0.268 5 0.223
 0.229 5 0.224
 0.289 5 0.225
 0.342 5 0.226
 0.221 5 0.227
 0.288 5 0.228
 0.288 5 0.229
 0.287 5 0.23
 0.232 5 0.231
 0.294 5 0.232
 0.287 5 0.233
 0.293 5 0.234
 0.266 5 0.235
 0.263 5 0.236
 0.297 5 0.237
 0.308 5 0.238
 0.3 5 0.239
 0.294 5 0.24
 0.286 5 0.241
 0.459 5 0.242
 0.25 5 0.243
 0.255 5 0.244
 0.288 5 0.245
 0.26 5 0.246
 0.23 5 0.247
 0.268 5 0.248
 0.29 5 0.249
 41.7 6 0.25
 0.304 6 0.251
 0.284 6 0.252
 15.592 6 0.253
 0.26 6 0.254
 0.297 6 0.255
 0.271 6 0.256
 0.313 6 0.257
 0.268 6 0.258
 0.253 6 0.259
 0.267 6 0.26
 0.308 6 0.261
 0.295 6 0.262
 0.297 6 0.263
 0.297 6 0.264
 0.303 6 0.265
 0.274 6 0.266
 0.296 6 0.267
 0.306 6 0.268
 0.296 6 0.269
 0.299 6 0.27
 0.291 6 0.271
 0.365 6 0.272
 0.301 6 0.273
 0.291 6 0.274
 0.293 6 0.275
 0.271 6 0.276
 0.294 6 0.277
 0.292 6 0.278
 0.27 6 0.279
 0.264 6 0.28
 0.3 6 0.281
 0.34 6 0.282
 0.252 6 0.283
 0.253 6 0.284
 0.322 6 0.285
 0.332 6 0.286
 0.257 6 0.287
 0.256 6 0.288
 0.315 6 0.289
 0.346 6 0.29
 0.315 6 0.291
 0.501 6 0.292
 0.35 6 0.293
 0.501 6 0.294
 0.44 6 0.295
 0.564 6 0.296
 0.352 6 0.297
 0.329 6 0.298
 1.034 6 0.299
 30.258 7 0.3
 0.572 7 0.301
 0.264 7 0.302
 0.311 7 0.303
 0.45 7 0.304
 0.313 7 0.305
 0.254 7 0.306
 0.299 7 0.307
 0.259 7 0.308
 0.253 7 0.309
 0.248 7 0.31
 0.254 7 0.311
 0.353 7 0.312
 0.275 7 0.313
 0.295 7 0.314
 0.333 7 0.315
 0.364 7 0.316
 0.286 7 0.317
 0.274 7 0.318
 0.321 7 0.319
 0.309 7 0.32
 0.332 7 0.321
 0.314 7 0.322
 0.303 7 0.323
 0.319 7 0.324
 0.312 7 0.325
 0.317 7 0.326
 16.645 7 0.327
 59.504 7 0.328
 31.621 7 0.329
 0.345 7 0.33
 0.27 7 0.331
 0.254 7 0.332
 0.313 7 0.333
 0.377 7 0.334
 0.339 7 0.335
 0.357 7 0.336
 0.331 7 0.337
 0.316 7 0.338
 0.542 7 0.339
 0.404 7 0.34
 0.318 7 0.341
 0.337 7 0.342
 0.317 7 0.343
 0.354 7 0.344
 0.334 7 0.345
 0.757 7 0.346
 0.354 7 0.347
 0.461 7 0.348
 0.327 7 0.349
 102.586 8 0.35
 417.599 8 0.351
 128.456 8 0.352
 0.399 8 0.353
 0.359 8 0.354
 0.334 8 0.355
 0.335 8 0.356
 0.29 8 0.357
 0.397 8 0.358
 0.378 8 0.359
 0.379 8 0.36
 0.391 8 0.361
 0.324 8 0.362
 0.275 8 0.363
 0.502 8 0.364
 0.468 8 0.365
 1.057 8 0.366
 0.362 8 0.367
 0.297 8 0.368
 0.35 8 0.369
 0.351 8 0.37
 0.355 8 0.371
 0.368 8 0.372
 0.342 8 0.373
 0.35 8 0.374
 0.265 8 0.375
 0.396 8 0.376
 0.29 8 0.377
 72.988 8 0.378
 0.307 8 0.379
 0.393 8 0.38
 0.266 8 0.381
 0.306 8 0.382
 0.333 8 0.383
 0.331 8 0.384
 0.304 8 0.385
 0.363 8 0.386
 0.321 8 0.387
 0.327 8 0.388
 0.347 8 0.389
 0.327 8 0.39
 0.319 8 0.391
 0.318 8 0.392
 0.322 8 0.393
 52.766 8 0.394
 66.171 8 0.395
 0.409 8 0.396
 66.451 8 0.397
 60.361 8 0.398
 0.303 8 0.399
 727.538 9 0.4
 368.653 9 0.401
 0.349 9 0.402
 0.34 9 0.403
 0.33 9 0.404
 0.369 9 0.405
 1212.05 9 0.406
 759.259 9 0.407
 512.877 9 0.408
 563.913 9 0.409
 0.277 9 0.41
 0.273 9 0.411
 0.272 9 0.412
 0.442 9 0.413
 0.29 9 0.414
 0.298 9 0.415
 1.589 9 0.416
 0.288 9 0.417
 0.264 9 0.418
 0.299 9 0.419
 0.285 9 0.42
 0.275 9 0.421
 0.258 9 0.422
 0.261 9 0.423
 0.282 9 0.424
 0.28 9 0.425
 0.288 9 0.426
 0.285 9 0.427
 0.297 9 0.428
 0.3 9 0.429
 0.428 9 0.43
 0.36 9 0.431
 0.283 9 0.432
 0.296 9 0.433
 0.372 9 0.434
 0.28 9 0.435
 0.294 9 0.436
 0.298 9 0.437
 0.338 9 0.438
 0.286 9 0.439
 0.287 9 0.44
 0.292 9 0.441
 0.292 9 0.442
 0.334 9 0.443
 0.291 9 0.444
 0.289 9 0.445
 0.288 9 0.446
 0.315 9 0.447
 0.278 9 0.448
 0.342 9 0.449
 1254.49 10 0.45
 0.328 10 0.451
 0.328 10 0.452
 0.327 10 0.453
 0.33 10 0.454
 0.258 10 0.455
 0.326 10 0.456
 0.327 10 0.457
 0.336 10 0.458
 0.337 10 0.459
 0.337 10 0.46
 0.332 10 0.461
 0.351 10 0.462
 0.334 10 0.463
 0.335 10 0.464
 0.379 10 0.465
 0.339 10 0.466
 0.338 10 0.467
 0.34 10 0.468
 0.335 10 0.469
 0.336 10 0.47
 0.336 10 0.471
 0.335 10 0.472
 0.309 10 0.473
 0.302 10 0.474
 0.352 10 0.475
 0.335 10 0.476
 0.336 10 0.477
 0.334 10 0.478
 0.334 10 0.479
 0.336 10 0.48
 0.335 10 0.481
 0.337 10 0.482
 0.333 10 0.483
 0.332 10 0.484
 0.333 10 0.485
 0.722 10 0.486
 0.335 10 0.487
 0.34 10 0.488
 0.335 10 0.489
 0.334 10 0.49
 0.334 10 0.491
 0.336 10 0.492
 0.333 10 0.493
 0.335 10 0.494
 0.327 10 0.495
 0.338 10 0.496
 0.333 10 0.497
 0.336 10 0.498
 0.379 10 0.499
 1718.17 11 0.5
 0.331 11 0.501
 0.358 11 0.502
 0.472 11 0.503
 0.336 11 0.504
 0.343 11 0.505
 0.339 11 0.506
 0.34 11 0.507
 0.338 11 0.508
 0.339 11 0.509
 0.339 11 0.51
 0.343 11 0.511
 0.379 11 0.512
 0.363 11 0.513
 0.34 11 0.514
 0.338 11 0.515
 0.341 11 0.516
 0.339 11 0.517
 0.339 11 0.518
 0.337 11 0.519
 0.338 11 0.52
 0.339 11 0.521
 0.345 11 0.522
 0.351 11 0.523
 0.341 11 0.524
 0.34 11 0.525
 0.338 11 0.526
 0.337 11 0.527
 0.344 11 0.528
 0.321 11 0.529
 0.343 11 0.53
 0.34 11 0.531
 0.313 11 0.532
 0.299 11 0.533
 0.306 11 0.534
 0.342 11 0.535
 0.341 11 0.536
 0.337 11 0.537
 0.34 11 0.538
 0.337 11 0.539
 0.34 11 0.54
 0.34 11 0.541
 0.34 11 0.542
 0.339 11 0.543
 0.341 11 0.544
 0.336 11 0.545
 0.343 11 0.546
 0.341 11 0.547
 0.346 11 0.548
 0.341 11 0.549
 497.638 12 0.55
 0.363 12 0.551
 0.349 12 0.552
 0.35 12 0.553
 0.324 12 0.554
 0.35 12 0.555
 0.348 12 0.556
 0.347 12 0.557
 0.349 12 0.558
 0.363 12 0.559
 0.342 12 0.56
 0.348 12 0.561
 0.317 12 0.562
 0.349 12 0.563
 0.352 12 0.564
 0.349 12 0.565
 0.358 12 0.566
 0.344 12 0.567
 0.367 12 0.568
 0.357 12 0.569
 0.351 12 0.57
 0.325 12 0.571
 0.36 12 0.572
 0.316 12 0.573
 0.354 12 0.574
 0.466 12 0.575
 0.283 12 0.576
 0.357 12 0.577
 0.36 12 0.578
 0.349 12 0.579
 0.345 12 0.58
 0.343 12 0.581
 0.346 12 0.582
 0.354 12 0.583
 0.345 12 0.584
 0.346 12 0.585
 0.345 12 0.586
 0.343 12 0.587
 0.365 12 0.588
 0.346 12 0.589
 0.344 12 0.59
 0.347 12 0.591
 0.347 12 0.592
 0.355 12 0.593
 0.349 12 0.594
 0.377 12 0.595
 0.363 12 0.596
 0.371 12 0.597
 0.371 12 0.598
 0.368 12 0.599
 1904 13 0.6
 0.374 13 0.601
 0.372 13 0.602
 0.371 13 0.603
 0.356 13 0.604
 0.371 13 0.605
 0.386 13 0.606
 0.473 13 0.607
 0.371 13 0.608
 0.382 13 0.609
 0.37 13 0.61
 0.372 13 0.611
 0.369 13 0.612
 0.381 13 0.613
 0.37 13 0.614
 0.378 13 0.615
 0.369 13 0.616
 0.371 13 0.617
 0.375 13 0.618
 0.375 13 0.619
 0.371 13 0.62
 0.371 13 0.621
 0.369 13 0.622
 0.38 13 0.623
 0.375 13 0.624
 0.373 13 0.625
 0.372 13 0.626
 0.371 13 0.627
 0.37 13 0.628
 0.371 13 0.629
 0.37 13 0.63
 0.45 13 0.631
 0.374 13 0.632
 0.376 13 0.633
 0.392 13 0.634
 0.371 13 0.635
 0.375 13 0.636
 0.374 13 0.637
 0.373 13 0.638
 0.371 13 0.639
 0.379 13 0.64
 0.373 13 0.641
 0.363 13 0.642
 0.375 13 0.643
 0.383 13 0.644
 0.486 13 0.645
 0.396 13 0.646
 0.402 13 0.647
 0.325 13 0.648
 0.383 13 0.649
 2423.82 14 0.65
 0.476 14 0.651
 0.386 14 0.652
 0.383 14 0.653
 0.388 14 0.654
 0.315 14 0.655
 0.371 14 0.656
 0.371 14 0.657
 0.375 14 0.658
 0.378 14 0.659
 0.381 14 0.66
 0.376 14 0.661
 0.373 14 0.662
 0.372 14 0.663
 0.375 14 0.664
 0.371 14 0.665
 0.38 14 0.666
 0.374 14 0.667
 0.364 14 0.668
 0.375 14 0.669
 0.396 14 0.67
 0.423 14 0.671
 0.428 14 0.672
 0.389 14 0.673
 0.388 14 0.674
 0.387 14 0.675
 0.398 14 0.676
 0.435 14 0.677
 0.451 14 0.678
 0.432 14 0.679
 0.326 14 0.68
 0.328 14 0.681
 0.362 14 0.682
 0.349 14 0.683
 0.338 14 0.684
 0.39 14 0.685
 0.382 14 0.686
 0.386 14 0.687
 0.369 14 0.688
 0.373 14 0.689
 0.372 14 0.69
 0.387 14 0.691
 0.315 14 0.692
 0.375 14 0.693
 0.411 14 0.694
 0.384 14 0.695
 0.376 14 0.696
 0.377 14 0.697
 0.381 14 0.698
 0.33 14 0.699
 2452.01 15 0.7
 0.395 15 0.701
 0.398 15 0.702
 0.385 15 0.703
 0.395 15 0.704
 0.387 15 0.705
 0.385 15 0.706
 0.488 15 0.707
 0.356 15 0.708
 0.378 15 0.709
 0.389 15 0.71
 0.391 15 0.711
 0.385 15 0.712
 0.383 15 0.713
 0.384 15 0.714
 0.386 15 0.715
 0.408 15 0.716
 0.386 15 0.717
 0.384 15 0.718
 0.358 15 0.719
 0.44 15 0.72
 0.383 15 0.721
 0.384 15 0.722
 0.389 15 0.723
 0.386 15 0.724
 0.386 15 0.725
 0.423 15 0.726
 0.395 15 0.727
 0.387 15 0.728
 0.42 15 0.729
 0.332 15 0.73
 0.388 15 0.731
 0.383 15 0.732
 0.396 15 0.733
 0.388 15 0.734
 0.388 15 0.735
 0.312 15 0.736
 0.384 15 0.737
 0.396 15 0.738
 0.408 15 0.739
 0.38 15 0.74
 0.399 15 0.741
 0.35 15 0.742
 0.4 15 0.743
 0.402 15 0.744
 0.414 15 0.745
 0.398 15 0.746
 0.406 15 0.747
 0.398 15 0.748
 0.397 15 0.749
 3352.48 16 0.75
 0.4 16 0.751
 0.373 16 0.752
 0.424 16 0.753
 0.373 16 0.754
 0.413 16 0.755
 0.397 16 0.756
 0.397 16 0.757
 0.393 16 0.758
 0.399 16 0.759
 0.405 16 0.76
 0.412 16 0.761
 0.43 16 0.762
 0.395 16 0.763
 0.397 16 0.764
 0.397 16 0.765
 0.396 16 0.766
 0.394 16 0.767
 0.395 16 0.768
 0.396 16 0.769
 0.516 16 0.77
 0.405 16 0.771
 0.4 16 0.772
 0.399 16 0.773
 0.395 16 0.774
 0.409 16 0.775
 0.395 16 0.776
 0.43 16 0.777
 0.398 16 0.778
 0.397 16 0.779
 0.33 16 0.78
 0.404 16 0.781
 0.373 16 0.782
 0.375 16 0.783
 0.435 16 0.784
 0.375 16 0.785
 0.395 16 0.786
 0.396 16 0.787
 0.414 16 0.788
 0.395 16 0.789
 0.506 16 0.79
 0.422 16 0.791
 0.502 16 0.792
 0.409 16 0.793
 0.403 16 0.794
 0.408 16 0.795
 0.401 16 0.796
 0.438 16 0.797
 0.401 16 0.798
 0.409 16 0.799
 3625.9 17 0.8
 0.426 17 0.801
 0.417 17 0.802
 0.415 17 0.803
 0.416 17 0.804
 0.413 17 0.805
 0.424 17 0.806
 0.388 17 0.807
 0.393 17 0.808
 0.452 17 0.809
 0.413 17 0.81
 0.43 17 0.811
 0.409 17 0.812
 0.39 17 0.813
 0.349 17 0.814
 0.367 17 0.815
 0.341 17 0.816
 0.414 17 0.817
 0.419 17 0.818
 0.418 17 0.819
 0.418 17 0.82
 0.448 17 0.821
 0.44 17 0.822
 0.437 17 0.823
 0.428 17 0.824
 3619.52 17 0.825
 0.434 17 0.826
 3418.77 17 0.827
 0.369 17 0.828
 0.424 17 0.829
 0.437 17 0.83
 0.434 17 0.831
 3633.04 17 0.832
 0.422 17 0.833
 0.425 17 0.834
 0.464 17 0.835
 0.423 17 0.836
 0.415 17 0.837
 0.42 17 0.838
 0.415 17 0.839
 0.395 17 0.84
 0.521 17 0.841
 0.418 17 0.842
 0.426 17 0.843
 0.411 17 0.844
 0.414 17 0.845
 0.415 17 0.846
 0.414 17 0.847
 0.481 17 0.848
 0.412 17 0.849
 3059.44 18 0.85
 0.453 18 0.851
 0.407 18 0.852
 0.506 18 0.853
 0.421 18 0.854
 0.434 18 0.855
 0.43 18 0.856
 0.433 18 0.857
 0.444 18 0.858
 0.437 18 0.859
 0.433 18 0.86
 0.509 18 0.861
 0.386 18 0.862
 0.47 18 0.863
 0.395 18 0.864
 0.438 18 0.865
 0.439 18 0.866
 0.416 18 0.867
 0.437 18 0.868
 0.435 18 0.869
 0.511 18 0.87
 0.432 18 0.871
 0.431 18 0.872
 0.44 18 0.873
 0.477 18 0.874
 0.437 18 0.875
 0.432 18 0.876
 0.51 18 0.877
 0.411 18 0.878
 0.387 18 0.879
 0.498 18 0.88
 0.432 18 0.881
 0.376 18 0.882
 0.434 18 0.883
 0.444 18 0.884
 0.431 18 0.885
 0.447 18 0.886
 0.415 18 0.887
 0.452 18 0.888
 0.456 18 0.889
 0.525 18 0.89
 0.377 18 0.891
 0.416 18 0.892
 0.403 18 0.893
 0.471 18 0.894
 0.386 18 0.895
 0.412 18 0.896
 0.585 18 0.897
 0.468 18 0.898
 0.73 18 0.899
 4047.92 19 0.9
 0.467 19 0.901
 0.447 19 0.902
 0.452 19 0.903
 0.448 19 0.904
 0.46 19 0.905
 0.467 19 0.906
 0.448 19 0.907
 0.449 19 0.908
 0.452 19 0.909
 0.45 19 0.91
 0.45 19 0.911
 0.451 19 0.912
 0.46 19 0.913
 0.451 19 0.914
 0.455 19 0.915
 0.449 19 0.916
 0.451 19 0.917
 0.449 19 0.918
 0.447 19 0.919
 0.452 19 0.92
 0.447 19 0.921
 0.458 19 0.922
 0.448 19 0.923
 0.448 19 0.924
 0.447 19 0.925
 0.448 19 0.926
 0.451 19 0.927
 0.449 19 0.928
 0.458 19 0.929
 0.466 19 0.93
 0.446 19 0.931
 0.451 19 0.932
 0.463 19 0.933
 0.457 19 0.934
 0.463 19 0.935
 0.455 19 0.936
 0.454 19 0.937
 0.448 19 0.938
 0.453 19 0.939
 0.416 19 0.94
 0.458 19 0.941
 0.445 19 0.942
 0.459 19 0.943
 0.449 19 0.944
 0.43 19 0.945
 0.47 19 0.946
 0.457 19 0.947
 0.456 19 0.948
 0.435 19 0.949
 5037.24 20 0.95
 0.473 20 0.951
 0.471 20 0.952
 0.462 20 0.953
 0.461 20 0.954
 0.465 20 0.955
 0.425 20 0.956
 0.465 20 0.957
 0.484 20 0.958
 0.482 20 0.959
 0.472 20 0.96
 0.474 20 0.961
 0.463 20 0.962
 0.463 20 0.963
 0.47 20 0.964
 0.436 20 0.965
 0.594 20 0.966
 0.57 20 0.967
 0.647 20 0.968
 0.544 20 0.969
 0.556 20 0.97
 0.562 20 0.971
 0.444 20 0.972
 0.676 20 0.973
 0.508 20 0.974
 0.451 20 0.975
 0.479 20 0.976
 0.489 20 0.977
 0.474 20 0.978
 0.48 20 0.979
 0.446 20 0.98
 0.452 20 0.981
 0.484 20 0.982
 0.48 20 0.983
 0.663 20 0.984
 0.508 20 0.985
 0.428 20 0.986
 0.581 20 0.987
 0.612 20 0.988
 0.629 20 0.989
 0.59 20 0.99
 0.677 20 0.991
 0.469 20 0.992
 0.435 20 0.993
 0.583 20 0.994
 0.605 20 0.995
 0.53 20 0.996
 0.488 20 0.997
 0.452 20 0.998
 0.422 20 0.999
 5131.74 21 1
 0.494 21 1.001
 0.515 21 1.002
 0.494 21 1.003
 0.482 21 1.004
 0.487 21 1.005
 0.485 21 1.006
 0.485 21 1.007
 0.486 21 1.008
 0.494 21 1.009
 0.55 21 1.01
 0.485 21 1.011
 0.483 21 1.012
 0.501 21 1.013
 0.486 21 1.014
 0.483 21 1.015
 0.49 21 1.016
 0.483 21 1.017
 0.471 21 1.018
 0.499 21 1.019
 0.496 21 1.02
 0.524 21 1.021
 0.496 21 1.022
 0.497 21 1.023
 0.503 21 1.024
 0.499 21 1.025
 0.579 21 1.026
 0.495 21 1.027
 0.498 21 1.028
 0.497 21 1.029
 0.495 21 1.03
 0.507 21 1.031
 0.497 21 1.032
 0.496 21 1.033
 0.495 21 1.034
 0.569 21 1.035
 0.449 21 1.036
 0.508 21 1.037
 0.496 21 1.038
 0.503 21 1.039
 0.547 21 1.04
 0.508 21 1.041
 0.501 21 1.042
 5785.59 21 1.043
 0.509 21 1.044
 0.501 21 1.045
 0.511 21 1.046
 0.509 21 1.047
 0.514 21 1.048
 4347.53 21 1.049
 0.49 21 1.05
 4854.21 22 1.051
 0.527 22 1.052
 0.52 22 1.053
 0.52 22 1.054
 0.515 22 1.055
 0.521 22 1.056
 0.501 22 1.057
 0.514 22 1.058
 0.516 22 1.059
 0.519 22 1.06
 0.518 22 1.061
 0.516 22 1.062
 0.515 22 1.063
 0.458 22 1.064
 0.517 22 1.065
 0.514 22 1.066
 0.52 22 1.067
 0.514 22 1.068
 0.521 22 1.069
 0.518 22 1.07
 0.521 22 1.071
 0.517 22 1.072
 0.516 22 1.073
 0.516 22 1.074
 0.518 22 1.075
 0.518 22 1.076
 0.517 22 1.077
 0.52 22 1.078
 0.525 22 1.079
 0.517 22 1.08
 0.518 22 1.081
 0.521 22 1.082
 0.514 22 1.083
 0.521 22 1.084
 0.527 22 1.085
 0.515 22 1.086
 0.518 22 1.087
 0.513 22 1.088
 0.515 22 1.089
 0.533 22 1.09
 0.515 22 1.091
 0.515 22 1.092
 0.517 22 1.093
 0.516 22 1.094
 0.518 22 1.095
 0.515 22 1.096
 0.516 22 1.097
 0.514 22 1.098
 0.523 22 1.099
 0.514 22 1.1
 6115.3 23 1.101
 0.524 23 1.102
 0.653 23 1.103
 0.538 23 1.104
 0.532 23 1.105
 0.475 23 1.106
 0.542 23 1.107
 0.597 23 1.108
 0.632 23 1.109
 0.532 23 1.11
 0.521 23 1.111
 0.631 23 1.112
 0.574 23 1.113
 0.538 23 1.114
 0.543 23 1.115
 0.537 23 1.116
 0.532 23 1.117
 0.534 23 1.118
 0.526 23 1.119
 0.528 23 1.12
 0.53 23 1.121
 0.536 23 1.122
 0.563 23 1.123
 0.667 23 1.124
 0.625 23 1.125
 0.547 23 1.126
 0.54 23 1.127
 0.529 23 1.128
 0.557 23 1.129
 0.534 23 1.13
 0.546 23 1.131
 0.525 23 1.132
 0.525 23 1.133
 0.53 23 1.134
 0.498 23 1.135
 0.549 23 1.136
 0.548 23 1.137
 0.654 23 1.138
 0.675 23 1.139
 0.496 23 1.14
 0.62 23 1.141
 0.522 23 1.142
 0.712 23 1.143
 0.649 23 1.144
 0.606 23 1.145
 0.528 23 1.146
 0.538 23 1.147
 0.755 23 1.148
 0.539 23 1.149
 0.527 23 1.15
 7100.44 24 1.151
 0.804 24 1.152
 0.673 24 1.153
 0.631 24 1.154
 0.622 24 1.155
 0.566 24 1.156
 0.559 24 1.157
 0.475 24 1.158
 0.545 24 1.159
 0.556 24 1.16
 0.548 24 1.161
 0.54 24 1.162
 0.535 24 1.163
 0.543 24 1.164
 0.543 24 1.165
 0.538 24 1.166
 0.584 24 1.167
 0.543 24 1.168
 0.559 24 1.169
 0.555 24 1.17
 0.643 24 1.171
 0.676 24 1.172
 0.552 24 1.173
 0.559 24 1.174
 0.552 24 1.175
 0.642 24 1.176
 0.57 24 1.177
 0.567 24 1.178
 0.569 24 1.179
 0.561 24 1.18
 0.555 24 1.181
 0.559 24 1.182
 0.581 24 1.183
 0.651 24 1.184
 0.573 24 1.185
 0.572 24 1.186
 0.559 24 1.187
 0.558 24 1.188
 0.554 24 1.189
 0.554 24 1.19
 0.56 24 1.191
 0.575 24 1.192
 0.572 24 1.193
 0.557 24 1.194
 0.549 24 1.195
 0.556 24 1.196
 0.715 24 1.197
 0.562 24 1.198
 0.484 24 1.199
 0.555 24 1.2
 7064.61 25 1.201
 0.596 25 1.202
 0.586 25 1.203
 0.574 25 1.204
 0.548 25 1.205
 0.568 25 1.206
 0.574 25 1.207
 0.57 25 1.208
 0.566 25 1.209
 0.565 25 1.21
 0.582 25 1.211
 0.565 25 1.212
 0.564 25 1.213
 0.563 25 1.214
 0.562 25 1.215
 0.566 25 1.216
 0.574 25 1.217
 0.566 25 1.218
 0.562 25 1.219
 0.488 25 1.22
 0.564 25 1.221
 0.562 25 1.222
 0.546 25 1.223
 0.607 25 1.224
 0.564 25 1.225
 0.572 25 1.226
 0.731 25 1.227
 0.562 25 1.228
 0.562 25 1.229
 0.501 25 1.23
 0.562 25 1.231
 0.585 25 1.232
 0.562 25 1.233
 0.57 25 1.234
 0.56 25 1.235
 0.565 25 1.236
 0.566 25 1.237
 0.562 25 1.238
 0.519 25 1.239
 0.562 25 1.24
 0.609 25 1.241
 0.587 25 1.242
 0.566 25 1.243
 0.564 25 1.244
 0.564 25 1.245
 0.563 25 1.246
 0.573 25 1.247
 0.568 25 1.248
 0.564 25 1.249
 0.573 25 1.25
 8826.18 26 1.251
 0.723 26 1.252
 0.654 26 1.253
 0.598 26 1.254
 0.653 26 1.255
 0.658 26 1.256
 0.728 26 1.257
 0.641 26 1.258
 0.656 26 1.259
 0.636 26 1.26
 0.788 26 1.261
 0.65 26 1.262
 0.68 26 1.263
 0.69 26 1.264
 0.66 26 1.265
 0.699 26 1.266
 0.672 26 1.267
 0.726 26 1.268
 0.586 26 1.269
 0.66 26 1.27
 0.66 26 1.271
 0.639 26 1.272
 0.668 26 1.273
 0.663 26 1.274
 0.669 26 1.275
 0.669 26 1.276
 0.688 26 1.277
 0.661 26 1.278
 0.674 26 1.279
 0.694 26 1.28
 9723.68 26 1.281
 0.714 26 1.282
 0.663 26 1.283
 0.661 26 1.284
 0.673 26 1.285
 0.718 26 1.286
 0.662 26 1.287
 0.659 26 1.288
 0.754 26 1.289
 0.668 26 1.29
 0.752 26 1.291
 0.661 26 1.292
 0.668 26 1.293
 0.673 26 1.294
 0.67 26 1.295
 0.663 26 1.296
 0.669 26 1.297
 0.671 26 1.298
 0.688 26 1.299
 0.687 26 1.3
 10519 27 1.301
 0.933 27 1.302
 0.714 27 1.303
 0.71 27 1.304
 0.69 27 1.305
 0.666 27 1.306
 0.681 27 1.307
 0.671 27 1.308
 0.685 27 1.309
 0.668 27 1.31
 0.696 27 1.311
 0.672 27 1.312
 0.612 27 1.313
 0.693 27 1.314
 0.686 27 1.315
 0.686 27 1.316
 0.704 27 1.317
 0.691 27 1.318
 0.689 27 1.319
 0.689 27 1.32
 0.68 27 1.321
 0.671 27 1.322
 0.688 27 1.323
 0.684 27 1.324
 0.671 27 1.325
 0.688 27 1.326
 0.725 27 1.327
 0.681 27 1.328
 0.669 27 1.329
 0.679 27 1.33
 0.691 27 1.331
 0.688 27 1.332
 0.667 27 1.333
 0.671 27 1.334
 0.67 27 1.335
 0.718 27 1.336
 0.675 27 1.337
 0.764 27 1.338
 0.673 27 1.339
 0.702 27 1.34
 0.685 27 1.341
 0.686 27 1.342
 0.691 27 1.343
 0.686 27 1.344
 0.69 27 1.345
 0.836 27 1.346
 0.636 27 1.347
 0.683 27 1.348
 0.659 27 1.349
 0.67 27 1.35
 14399.9 28 1.351
 0.734 28 1.352
 0.726 28 1.353
 0.705 28 1.354
 0.702 28 1.355
 0.705 28 1.356
 0.708 28 1.357
 0.69 28 1.358
 0.704 28 1.359
 0.704 28 1.36
 0.792 28 1.361
 0.713 28 1.362
 0.706 28 1.363
 0.703 28 1.364
 0.696 28 1.365
 0.689 28 1.366
 0.693 28 1.367
 0.69 28 1.368
 0.666 28 1.369
 0.692 28 1.37
 0.689 28 1.371
 0.69 28 1.372
 0.715 28 1.373
 0.703 28 1.374
 0.691 28 1.375
 0.631 28 1.376
 0.716 28 1.377
 0.707 28 1.378
 0.69 28 1.379
 0.689 28 1.38
 0.753 28 1.381
 0.69 28 1.382
 0.689 28 1.383
 0.731 28 1.384
 0.702 28 1.385
 0.746 28 1.386
 0.983 28 1.387
 0.709 28 1.388
 0.695 28 1.389
 0.69 28 1.39
 0.706 28 1.391
 0.835 28 1.392
 0.706 28 1.393
 0.702 28 1.394
 0.693 28 1.395
 0.688 28 1.396
 0.705 28 1.397
 0.692 28 1.398
 0.691 28 1.399
 0.71 28 1.4
 13296.4 29 1.401
 0.748 29 1.402
 0.803 29 1.403
 0.724 29 1.404
 0.731 29 1.405
 0.666 29 1.406
 0.723 29 1.407
 0.745 29 1.408
 0.717 29 1.409
 0.754 29 1.41
 0.724 29 1.411
 0.731 29 1.412
 0.71 29 1.413
 0.73 29 1.414
 0.728 29 1.415
 0.771 29 1.416
 0.755 29 1.417
 0.74 29 1.418
 1.288 29 1.419
 0.779 29 1.42
 0.836 29 1.421
 0.764 29 1.422
 0.781 29 1.423
 0.729 29 1.424
 0.808 29 1.425
 0.729 29 1.426
 0.899 29 1.427
 0.726 29 1.428
 0.722 29 1.429
 0.761 29 1.43
 0.754 29 1.431
 0.795 29 1.432
 0.753 29 1.433
 0.791 29 1.434
 0.726 29 1.435
 0.732 29 1.436
 0.728 29 1.437
 0.723 29 1.438
 0.729 29 1.439
 0.692 29 1.44
 0.717 29 1.441
 0.739 29 1.442
 0.72 29 1.443
 0.729 29 1.444
 0.74 29 1.445
 0.719 29 1.446
 0.703 29 1.447
 0.743 29 1.448
 0.744 29 1.449
 0.732 29 1.45
 13975.6 30 1.451
 0.801 30 1.452
 0.841 30 1.453
 0.8 30 1.454
 0.905 30 1.455
 0.795 30 1.456
 1.052 30 1.457
 0.802 30 1.458
 0.803 30 1.459
 0.853 30 1.46
 0.801 30 1.461
 0.906 30 1.462
 0.733 30 1.463
 0.789 30 1.464
 1.131 30 1.465
 0.908 30 1.466
 0.792 30 1.467
 0.753 30 1.468
 0.722 30 1.469
 0.752 30 1.47
 0.917 30 1.471
 0.872 30 1.472
 0.735 30 1.473
 0.749 30 1.474
 0.917 30 1.475
 0.916 30 1.476
 0.851 30 1.477
 0.719 30 1.478
 0.737 30 1.479
 0.958 30 1.48
 0.886 30 1.481
 0.923 30 1.482
 0.761 30 1.483
 0.93 30 1.484
 1.079 30 1.485
 0.948 30 1.486
 0.988 30 1.487
 0.927 30 1.488
 0.759 30 1.489
 0.787 30 1.49
 0.975 30 1.491
 0.795 30 1.492
 0.806 30 1.493
 0.813 30 1.494
 0.815 30 1.495
 0.858 30 1.496
 17123.3 30 1.497
 0.845 30 1.498
 0.767 30 1.499
 0.856 30 1.5
 14445.2 31 1.501
 0.784 31 1.502
 0.816 31 1.503
 0.738 31 1.504
 0.785 31 1.505
 0.785 31 1.506
 0.802 31 1.507
 0.784 31 1.508
 0.78 31 1.509
 0.791 31 1.51
 0.792 31 1.511
 0.786 31 1.512
 0.786 31 1.513
 0.78 31 1.514
 0.782 31 1.515
 0.774 31 1.516
 0.79 31 1.517
 0.782 31 1.518
 0.774 31 1.519
 0.771 31 1.52
 0.798 31 1.521
 0.79 31 1.522
 0.8 31 1.523
 0.921 31 1.524
 0.799 31 1.525
 0.795 31 1.526
 0.796 31 1.527
 0.758 31 1.528
 0.802 31 1.529
 0.782 31 1.53
 0.777 31 1.531
 0.78 31 1.532
 0.778 31 1.533
 0.821 31 1.534
 0.786 31 1.535
 0.786 31 1.536
 0.775 31 1.537
 0.789 31 1.538
 0.784 31 1.539
 0.795 31 1.54
 0.793 31 1.541
 0.768 31 1.542
 0.812 31 1.543
 0.787 31 1.544
 0.787 31 1.545
 0.807 31 1.546
 0.78 31 1.547
 0.783 31 1.548
 0.789 31 1.549
 0.79 31 1.55
 18629.7 32 1.551
 0.835 32 1.552
 0.819 32 1.553
 0.898 32 1.554
 0.815 32 1.555
 0.869 32 1.556
 0.841 32 1.557
 0.815 32 1.558
 0.794 32 1.559
 0.857 32 1.56
 0.853 32 1.561
 0.846 32 1.562
 0.767 32 1.563
 0.799 32 1.564
 1.002 32 1.565
 0.807 32 1.566
 0.815 32 1.567
 0.813 32 1.568
 0.83 32 1.569
 0.789 32 1.57
 0.8 32 1.571
 0.974 32 1.572
 0.827 32 1.573
 0.83 32 1.574
 0.9 32 1.575
 0.877 32 1.576
 1.069 32 1.577
 0.957 32 1.578
 1.043 32 1.579
 0.855 32 1.58
 0.957 32 1.581
 0.785 32 1.582
 0.824 32 1.583
 0.801 32 1.584
 0.806 32 1.585
 0.815 32 1.586
 0.816 32 1.587
 0.99 32 1.588
 0.824 32 1.589
 0.817 32 1.59
 0.8 32 1.591
 0.822 32 1.592
 0.831 32 1.593
 0.823 32 1.594
 0.824 32 1.595
 0.804 32 1.596
 0.817 32 1.597
 0.827 32 1.598
 0.816 32 1.599
 0.821 32 1.6
 23314.8 33 1.601
 0.961 33 1.602
 0.878 33 1.603
 0.843 33 1.604
 0.828 33 1.605
 0.833 33 1.606
 0.816 33 1.607
 0.836 33 1.608
 0.83 33 1.609
 0.832 33 1.61
 0.836 33 1.611
 0.82 33 1.612
 0.821 33 1.613
 0.836 33 1.614
 0.836 33 1.615
 0.838 33 1.616
 0.82 33 1.617
 0.829 33 1.618
 0.831 33 1.619
 0.83 33 1.62
 0.821 33 1.621
 0.822 33 1.622
 0.82 33 1.623
 0.823 33 1.624
 0.83 33 1.625
 0.825 33 1.626
 0.833 33 1.627
 0.831 33 1.628
 0.812 33 1.629
 0.838 33 1.63
 0.979 33 1.631
 0.816 33 1.632
 0.813 33 1.633
 0.885 33 1.634
 0.884 33 1.635
 0.839 33 1.636
 0.831 33 1.637
 0.817 33 1.638
 0.82 33 1.639
 0.901 33 1.64
 0.841 33 1.641
 0.823 33 1.642
 0.841 33 1.643
 0.816 33 1.644
 0.82 33 1.645
 0.824 33 1.646
 0.904 33 1.647
 0.818 33 1.648
 0.828 33 1.649
 0.839 33 1.65
 20732.7 34 1.651
 0.925 34 1.652
 0.87 34 1.653
 0.862 34 1.654
 0.856 34 1.655
 0.921 34 1.656
 0.85 34 1.657
 0.866 34 1.658
 0.838 34 1.659
 0.85 34 1.66
 0.871 34 1.661
 0.857 34 1.662
 0.86 34 1.663
 0.855 34 1.664
 0.861 34 1.665
 0.842 34 1.666
 0.859 34 1.667
 0.92 34 1.668
 0.864 34 1.669
 0.855 34 1.67
 0.848 34 1.671
 0.865 34 1.672
 0.848 34 1.673
 0.861 34 1.674
 0.857 34 1.675
 0.839 34 1.676
 0.79 34 1.677
 0.85 34 1.678
 0.841 34 1.679
 0.855 34 1.68
 0.852 34 1.681
 0.859 34 1.682
 0.848 34 1.683
 0.86 34 1.684
 0.798 34 1.685
 0.849 34 1.686
 0.852 34 1.687
 0.855 34 1.688
 0.855 34 1.689
 0.774 34 1.69
 0.849 34 1.691
 0.859 34 1.692
 0.852 34 1.693
 0.845 34 1.694
 0.891 34 1.695
 0.871 34 1.696
 0.951 34 1.697
 0.853 34 1.698
 0.9 34 1.699
 0.849 34 1.7
 22638.4 35 1.701
 0.902 35 1.702
 1.106 35 1.703
 1.049 35 1.704
 1.094 35 1.705
 1.011 35 1.706
 0.872 35 1.707
 0.896 35 1.708
 0.886 35 1.709
 0.885 35 1.71
 0.915 35 1.711
 0.876 35 1.712
 0.878 35 1.713
 0.891 35 1.714
 0.892 35 1.715
 0.871 35 1.716
 0.953 35 1.717
 0.876 35 1.718
 0.914 35 1.719
 0.887 35 1.72
 0.896 35 1.721
 0.89 35 1.722
 0.962 35 1.723
 0.91 35 1.724
 0.91 35 1.725
 0.895 35 1.726
 0.905 35 1.727
 0.816 35 1.728
 0.923 35 1.729
 0.927 35 1.73
 0.937 35 1.731
 0.9 35 1.732
 21490.8 35 1.733
 1.025 35 1.734
 0.891 35 1.735
 0.923 35 1.736
 0.904 35 1.737
 0.888 35 1.738
 0.904 35 1.739
 0.909 35 1.74
 0.895 35 1.741
 0.919 35 1.742
 0.898 35 1.743
 0.895 35 1.744
 0.893 35 1.745
 0.931 35 1.746
 0.919 35 1.747
 0.927 35 1.748
 0.922 35 1.749
 0.921 35 1.75
 21185.9 36 1.751
 1.129 36 1.752
 0.985 36 1.753
 0.96 36 1.754
 1.22 36 1.755
 1.258 36 1.756
 1.029 36 1.757
 1.338 36 1.758
 0.991 36 1.759
 0.917 36 1.76
 1.04 36 1.761
 1.132 36 1.762
 1.027 36 1.763
 0.924 36 1.764
 0.922 36 1.765
 0.958 36 1.766
 0.92 36 1.767
 0.921 36 1.768
 0.912 36 1.769
 0.909 36 1.77
 0.9 36 1.771
 0.837 36 1.772
 0.904 36 1.773
 0.902 36 1.774
 0.971 36 1.775
 0.943 36 1.776
 0.933 36 1.777
 0.857 36 1.778
 0.933 36 1.779
 0.904 36 1.78
 0.968 36 1.781
 0.9 36 1.782
 0.897 36 1.783
 0.866 36 1.784
 0.852 36 1.785
 0.912 36 1.786
 0.887 36 1.787
 0.88 36 1.788
 0.87 36 1.789
 0.881 36 1.79
 0.882 36 1.791
 0.898 36 1.792
 0.89 36 1.793
 1.02 36 1.794
 0.891 36 1.795
 0.831 36 1.796
 0.894 36 1.797
 0.885 36 1.798
 0.94 36 1.799
 0.906 36 1.8
 33665.9 37 1.801
 1.144 37 1.802
 1.035 37 1.803
 1.011 37 1.804
 1.01 37 1.805
 1.01 37 1.806
 0.992 37 1.807
 0.994 37 1.808
 1.01 37 1.809
 1.024 37 1.81
 1.002 37 1.811
 1.003 37 1.812
 1.019 37 1.813
 1.007 37 1.814
 1.002 37 1.815
 1.015 37 1.816
 1.013 37 1.817
 1.023 37 1.818
 1.011 37 1.819
 1.088 37 1.82
 1.067 37 1.821
 1.024 37 1.822
 1.047 37 1.823
 1.016 37 1.824
 1.011 37 1.825
 0.997 37 1.826
 1.032 37 1.827
 1.097 37 1.828
 1.058 37 1.829
 1.007 37 1.83
 0.997 37 1.831
 1.022 37 1.832
 1.058 37 1.833
 1.073 37 1.834
 1.015 37 1.835
 1.01 37 1.836
 1.028 37 1.837
 1.028 37 1.838
 1.013 37 1.839
 1.028 37 1.84
 1.01 37 1.841
 1.016 37 1.842
 0.999 37 1.843
 1.019 37 1.844
 1.011 37 1.845
 0.928 37 1.846
 1.075 37 1.847
 1.014 37 1.848
 1.011 37 1.849
 1.008 37 1.85
 27118.9 38 1.851
 1.024 38 1.852
 1.06 38 1.853
 0.991 38 1.854
 1.013 38 1.855
 1.008 38 1.856
 1.068 38 1.857
 1.002 38 1.858
 1.004 38 1.859
 1.008 38 1.86
 1.008 38 1.861
 1.02 38 1.862
 1.012 38 1.863
 1.006 38 1.864
 0.993 38 1.865
 1.008 38 1.866
 1.01 38 1.867
 1 38 1.868
 0.996 38 1.869
 0.997 38 1.87
 1.005 38 1.871
 0.994 38 1.872
 1.004 38 1.873
 1.006 38 1.874
 1 38 1.875
 0.993 38 1.876
 1.006 38 1.877
 0.994 38 1.878
 0.996 38 1.879
 0.994 38 1.88
 1.008 38 1.881
 0.994 38 1.882
 0.924 38 1.883
 1.016 38 1.884
 0.996 38 1.885
 1.008 38 1.886
 0.995 38 1.887
 0.99 38 1.888
 1.013 38 1.889
 1.01 38 1.89
 1.008 38 1.891
 1.018 38 1.892
 0.999 38 1.893
 1.002 38 1.894
 0.996 38 1.895
 0.996 38 1.896
 1.01 38 1.897
 1.011 38 1.898
 0.997 38 1.899
 0.993 38 1.9
 36614.5 39 1.901
 1.257 39 1.902
 1.096 39 1.903
 1.11 39 1.904
 1.105 39 1.905
 1.17 39 1.906
 1.115 39 1.907
 1.11 39 1.908
 1.125 39 1.909
 1.091 39 1.91
 1.095 39 1.911
 1.345 39 1.912
 1.165 39 1.913
 1.135 39 1.914
 1.074 39 1.915
 1.1 39 1.916
 1.043 39 1.917
 1.104 39 1.918
 1.1 39 1.919
 1.091 39 1.92
 1.221 39 1.921
 1.156 39 1.922
 1.202 39 1.923
 1.099 39 1.924
 1.11 39 1.925
 1.143 39 1.926
 1.147 39 1.927
 1.136 39 1.928
 1.125 39 1.929
 1.118 39 1.93
 1.115 39 1.931
 1.136 39 1.932
 1.145 39 1.933
 1.151 39 1.934
 1.127 39 1.935
 1.105 39 1.936
 1.452 39 1.937
 1.128 39 1.938
 1.167 39 1.939
 1.129 39 1.94
 1.131 39 1.941
 1.17 39 1.942
 1.199 39 1.943
 1.083 39 1.944
 1.21 39 1.945
 1.426 39 1.946
 1.174 39 1.947
 1.22 39 1.948
 34968.6 39 1.949
 1.81 39 1.95
 35631.2 40 1.951
 1.17 40 1.952
 1.264 40 1.953
 1.098 40 1.954
 1.188 40 1.955
 1.068 40 1.956
 1.024 40 1.957
 1.237 40 1.958
 2.032 40 1.959
 1.094 40 1.96
 1.072 40 1.961
 1.058 40 1.962
 1.059 40 1.963
 1.066 40 1.964
 1.057 40 1.965
 1.064 40 1.966
 1.06 40 1.967
 1.054 40 1.968
 1.08 40 1.969
 1.06 40 1.97
 1.053 40 1.971
 1.086 40 1.972
 1.076 40 1.973
 1.291 40 1.974
 1.13 40 1.975
 1.18 40 1.976
 1.556 40 1.977
 1.15 40 1.978
 1.232 40 1.979
 1.057 40 1.98
 1.071 40 1.981
 1.063 40 1.982
 1.045 40 1.983
 1.066 40 1.984
 1.061 40 1.985
 1.083 40 1.986
 1.085 40 1.987
 1.065 40 1.988
 1.084 40 1.989
 1.049 40 1.99
 1.048 40 1.991
 1.067 40 1.992
 1.05 40 1.993
 1.062 40 1.994
 1.053 40 1.995
 1.082 40 1.996
 1.145 40 1.997
 1.104 40 1.998
 1.617 40 1.999
 1.138 40 2
