-0.08317
-0.08114
-0.07911
-0.07708
-0.07507
-0.07305
-0.07105
-0.06905
-0.06707
-0.06509
-0.06313
-0.06118
-0.05924
-0.05732
-0.05541
-0.05352
-0.05165
-0.04979
-0.04796
-0.04615
-0.04435
-0.04258
-0.04083
-0.03911
-0.03741
-0.03573
-0.03409
-0.03246
-0.03087
-0.02931
-0.02777
-0.02626
-0.02479
-0.02334
-0.02193
-0.02054
1.025
1.302
-0.01921
0.87
1.496
-0.01922
-0.01958
-0.01984
1.496
0.4448
-0.02058
-0.02081
-0.02103
-0.02124
1.496
-0.02164
-0.02183
-0.02201
1.497
1.186
-0.0225
-0.02265
-0.02279
-0.02292
-0.02304
0.2779
0.08668
0.6501
-0.0235
-0.02371
-0.02392
-0.02412
-0.0243
0.7779
-0.02461
-0.02475
-0.02486
-0.02496
-0.02505
-0.02512
-0.02517
1.601
-0.02523
-0.02524
-0.02524
-0.02521
-0.02518
0.8063
-0.02507
1.612
-0.02491
0.39
-0.02469
-0.02457
-0.02443
-0.02429
-0.02413
-0.02396
1.244
-0.02359
-0.0234
0.974
-0.02298
1.552
1.545
-0.02229
0.7605
-0.0218
0.7998
-0.02141
-0.02126
-0.02111
-0.02096
-0.02081
-0.02066
-0.02051
-0.02035
-0.02019
-0.02004
-0.01988
-0.01972
-0.01952
-0.01952
-0.01953
-0.01953
-0.01953
-0.01954
-0.01954
-0.01954
-0.01955
-0.01955
-0.01955
-0.01955
-0.01956
-0.01956
-0.02029
-0.02009
-0.01989
-0.01957
-0.01958
-0.01958
1.518
-0.01959
-0.01959
-0.01959
-0.0196
-0.01948
1.515
1.514
1.514
1.513
1.513
1.513
1.512
1.512
1.512
1.511
1.511
1.511
1.51
1.51
1.51
1.51
1.509
1.509
1.509
1.509
1.508
1.508
1.508
1.508
1.508
1.507
1.507
1.507
1.507
1.505
1.505
1.505
1.504
1.504
1.504
1.503
1.503
1.503
1.503
1.502
1.502
1.502
1.502
1.502
1.502
1.501
1.501
1.501
1.501
-0.01702
1.501
1.501
1.5
0.7531
1.5
1.5
1.5
-0.01839
1.5
1.5
1.5
1.5
0.8998
0.7532
1.5
1.5
1.5
1.501
1.501
-0.01991
1.501
1.502
-0.01946
1.502
1.508
1.51
1.511
1.512
1.514
1.515
1.517
1.518
1.52
1.521
1.523
1.524
1.526
1.527
1.529
1.531
1.532
1.534
1.535
1.537
1.539
1.54
1.542
1.543
1.545
1.547
1.548
1.55
1.552
1.553
1.555
1.556
1.558
1.56
1.561
1.563
1.564
1.566
1.567
1.569
1.57
1.572
1.573
1.574
1.575
1.575
1.576
1.576
1.577
1.577
1.578
1.578
1.578
1.579
1.579
1.58
1.58
1.58
1.581
1.581
1.581
1.582
1.582
1.582
1.583
1.583
1.583
1.583
1.584
1.584
1.584
1.584
1.584
1.584
1.585
1.585
1.585
1.585
1.585
1.585
1.585
1.585
1.585
1.585
1.585
1.585
1.585
1.585
1.585
1.585
1.585
1.584
1.584
1.584
1.584
1.584
1.584
1.583
1.583
1.583
1.583
1.582
1.582
1.582
1.581
1.581
1.581
1.58
1.58
1.579
1.579
1.579
1.578
1.578
1.577
1.577
1.576
1.576
1.575
1.575
1.574
1.574
1.573
1.572
1.572
1.571
1.571
1.57
1.569
1.569
1.568
1.567
1.567
1.566
1.565
1.565
1.564
1.563
1.562
1.562
1.561
1.56
1.559
1.559
1.558
1.557
1.556
1.555
1.555
1.554
1.553
1.552
1.551
1.55
1.55
1.549
1.548
1.547
1.546
1.545
1.544
1.544
1.543
1.542
1.541
1.54
1.539
1.538
1.537
1.536
1.536
1.535
1.534
1.533
1.532
1.531
1.53
1.529
1.528
1.528
1.527
1.526
-0.01965
1.52
-0.01963
-0.01963
1.52
1.52
0.366
-0.01951
-0.01959
0.3505
1.518
0.7498
-0.01957
-0.01956
-0.01955
-0.01955
-0.01954
-0.01953
-0.01953
-0.01952
1.506
-0.03002
-0.03129
1.224
-0.03387
-0.03516
-0.03647
0.131
-0.0391
-0.04043
0.722
1.489
-0.04447
-0.04583
-0.0472
-0.04857
-0.0487
-0.04677
-0.04474
-0.04262
-0.0404
-0.03808
1.494
-0.0359
-0.03485
-0.03376
-0.03261
1.499
-0.03016
1.501
-0.02752
-0.02612
1.505
-0.02319
-0.02166
-0.02026
-0.0203
-0.02034
-0.04582
-0.04627
-0.04672
-0.04716
-0.0476
-0.04803
-0.04846
-0.04889
-0.04932
-0.04974
-0.05015
-0.05056
-0.05096
-0.05136
-0.05176
-0.05215
-0.05255
-0.05293
-0.05331
-0.05369
-0.05406
-0.05442
-0.05479
-0.05514
-0.05549
-0.05584
-0.05618
-0.05652
-0.05684
-0.05717
-0.05749
-0.05781
-0.05812
-0.05842
-0.05872
-0.05902
-0.05931
-0.05959
-0.05987
-0.06014
-0.06041
-0.06067
-0.06092
-0.06117
-0.06141
-0.06165
-0.06188
-0.06211
-0.06233
-0.06255
-0.06275
-0.06296
-0.06315
-0.06335
-0.06353
-0.06371
-0.06388
-0.06405
-0.06421
-0.06437
-0.06453
-0.06467
-0.06481
-0.06494
-0.06507
-0.06519
-0.06531
-0.06542
-0.06553
-0.06543
-0.06509
-0.06474
-0.06439
-0.06404
-0.06368
-0.06332
-0.06296
-0.0626
-0.06223
-0.06186
-0.06149
-0.06112
-0.06075
-0.06038
-0.06
-0.05962
-0.05925
-0.05887
-0.05849
-0.05811
-0.05774
-0.05736
-0.05698
-0.05661
-0.05623
-0.05586
-0.05548
-0.05511
-0.05474
-0.05437
-0.054
-0.05363
-0.05327
-0.05291
-0.05255
-0.05219
-0.05184
-0.05148
-0.05113
-0.05078
-0.05044
-0.0501
-0.04976
-0.04942
-0.04909
-0.04876
-0.04843
-0.04811
-0.04779
-0.04747
-0.04716
-0.04685
-0.04655
-0.04625
-0.04595
-0.04565
-0.04536
-0.04507
-0.04479
-0.04451
-0.04424
-0.04396
-0.0437
-0.04343
-0.04317
-0.04291
-0.04266
-0.04241
-0.04216
-0.04192
-0.04168
-0.04145
-0.04122
-0.04099
-0.04077
-0.04054
-0.04033
-0.04011
-0.0399
-0.0397
-0.03949
-0.03929
-0.03909
-0.0389
-0.0387
-0.03852
-0.03833
-0.03814
-0.03796
-0.03778
-0.03761
-0.03743
-0.03726
-0.03709
-0.03692
-0.03676
-0.03659
-0.03643
-0.03627
-0.03611
-0.03596
-0.0358
-0.03564
-0.03549
-0.03534
-0.03519
-0.03504
-0.03488
-0.03474
-0.03459
-0.03444
-0.03429
-0.03414
-0.03399
-0.03384
-0.03369
-0.03355
-0.0334
-0.03325
-0.0331
-0.03294
-0.03279
-0.03264
-0.03249
-0.03233
-0.03217
-0.03202
-0.03186
-0.0317
-0.03153
-0.03137
-0.0312
-0.03103
-0.03086
-0.03069
-0.03052
-0.03034
-0.03016
-0.02998
-0.02979
-0.02961
-0.0294
-0.02893
-0.02846
-0.028
-0.02753
-0.02707
-0.0266
1.517
1.516
-0.01993
-0.01986
-0.01979
-0.01972
-0.02057
-0.01953
-0.01954
-0.01954
-0.01954
-0.01955
-0.01955
0.3431
-0.01956
0.4584
1.515
-0.01915
1.516
1.516
1.516
1.516
1.516
1.515
1.515
1.515
-0.01936
1.514
1.514
1.514
1.514
1.514
-0.01962
1.514
1.514
-0.01964
0.02747
0.3437
0.1236
1.514
1.513
1.513
1.513
1.513
1.518
1.518
1.519
1.519
1.519
1.52
1.52
1.521
1.521
1.521
1.522
1.522
1.523
1.523
1.524
1.524
1.524
1.525
1.525
1.526
1.526
1.527
1.527
1.528
1.528
1.529
1.529
1.529
1.53
1.53
1.531
1.531
1.532
1.532
1.533
1.533
1.534
1.534
1.535
1.535
1.536
1.536
1.537
1.537
1.538
1.538
1.539
1.539
1.54
1.54
1.541
1.541
1.542
1.542
1.543
1.543
1.544
1.544
1.545
1.545
1.546
1.546
1.546
1.547
1.547
0.7905
1.548
1.549
1.549
1.549
1.549
1.55
1.55
1.55
1.55
1.55
1.551
1.551
1.551
1.551
1.551
1.551
1.552
1.552
1.552
1.552
1.552
1.552
1.552
1.552
1.553
1.553
1.553
1.553
1.553
1.553
1.553
1.553
1.553
1.553
1.553
1.553
1.553
1.553
1.553
1.554
1.554
1.554
1.554
1.554
1.554
1.553
1.553
1.553
1.553
1.553
1.553
1.553
1.553
1.553
1.553
1.553
1.553
1.553
1.553
1.553
1.552
1.552
1.552
1.552
1.552
1.552
1.552
1.552
1.551
1.551
1.551
1.551
1.551
1.55
1.55
1.55
1.55
1.55
1.549
1.549
1.549
1.549
1.549
1.548
1.548
1.548
1.548
1.547
1.547
1.547
1.546
1.546
1.546
1.546
1.545
1.545
1.545
1.544
1.544
1.544
1.543
1.543
1.543
1.542
1.542
1.542
1.541
1.541
1.541
1.54
1.54
1.54
1.539
1.539
1.538
1.538
1.538
1.537
1.537
1.536
1.536
1.536
1.535
1.535
1.534
1.534
1.534
1.533
1.533
1.532
1.532
1.532
1.531
1.531
1.53
1.53
1.529
1.529
1.529
1.528
1.528
1.527
1.527
1.527
1.526
1.526
1.525
1.525
1.524
1.524
1.524
1.523
1.523
1.522
1.522
1.521
1.521
-0.0152
1.52
0.7309
1.516
1.516
1.516
1.516
1.516
1.516
1.516
0.75
-0.01942
-0.01955
-0.01954
-0.01954
-0.01953
-0.01953
-0.01953
-0.01952
-0.01952
-0.01966
1.515
-0.01972
1.515
1.401
-0.01981
-0.01984
-0.01987
-0.0199
1.514
-0.01996
1.514
-0.02671
-0.02706
-0.02741
-0.02776
-0.02811
-0.02845
-0.0288
-0.02914
-0.02949
-0.02983
-0.03016
-0.0305
-0.03084
-0.03117
-0.0315
-0.03183
-0.03215
-0.03248
-0.0328
-0.03312
-0.03344
-0.03375
-0.03407
-0.03438
-0.0347
-0.03501
-0.03532
