0.02322
0.02187
0.02053
0.01918
0.01784
0.0165
0.01517
0.01385
0.01253
0.01122
0.009916
0.008621
0.007336
0.006061
0.004796
0.003542
0.002301
0.001072
-0.0001445
-0.001347
-0.002535
-0.003709
-0.004867
-0.006009
-0.007135
-0.008245
-0.009336
-0.01041
-0.01147
-0.0125
-0.01352
-0.01452
-0.01549
-0.01645
-0.01739
-0.0183
1.387
-0.0192
-0.01921
-0.01921
-0.01922
-0.01922
-0.007849
-0.0058
-0.003819
0.2676
-6.233e-05
1.38
0.003417
0.005051
1.39
0.00811
0.009533
0.01089
1.403
0.05543
0.01452
0.01559
0.01658
0.01751
0.01837
0.3092
0.07386
0.7134
0.7542
0.01891
0.01919
0.01942
0.01959
0.778
0.01977
0.01979
0.01974
0.01965
0.01951
0.01932
0.01908
0.8018
0.01845
0.01807
0.01764
0.01717
0.01666
0.8063
0.01551
1.572
0.01419
0.2697
0.01273
0.01195
0.02155
0.01027
0.009386
0.008469
0.9679
0.006545
0.005541
1.099
0.003454
1.514
0.7687
0.0001455
-0.001
-0.002165
0.7371
-0.003427
-0.004834
-0.006258
-0.007698
-0.009153
-0.01062
-0.0121
-0.01359
-0.01473
-0.01585
-0.01697
-0.01809
1.485
1.484
1.494
-0.01953
-0.01953
-0.01954
-0.01954
-0.01954
-0.01955
-0.01955
-0.01955
-0.01901
-0.01807
-0.01714
-0.008156
-0.01026
-0.01236
1.512
1.511
1.51
1.51
-0.01959
-0.01959
-0.01959
-0.01894
-0.01675
1.515
1.514
1.514
1.513
1.513
1.513
1.512
1.512
1.512
1.511
1.511
1.511
1.51
1.51
1.51
1.51
1.509
1.509
1.509
1.509
0.02474
0.02597
0.02717
0.02834
0.02949
0.03061
0.0317
0.03277
0.03381
1.484
1.481
1.478
1.476
1.473
1.47
1.467
1.464
1.461
1.458
1.456
1.453
1.45
1.447
1.444
1.441
1.437
0.7531
1.431
1.428
0.7531
1.422
1.419
1.415
0.7531
1.409
1.406
1.402
1.399
1.396
1.392
1.389
1.386
0.7534
1.379
1.376
1.383
1.398
1.412
1.427
0.7545
-0.01992
0.7551
0.2398
0.7557
1.445
1.448
1.45
1.453
1.455
1.458
1.461
1.464
1.467
1.469
1.472
1.475
1.478
1.481
1.484
1.487
1.49
1.493
1.497
1.5
1.503
1.506
1.509
1.51
1.511
1.512
1.513
1.514
1.515
1.516
1.517
1.518
1.519
1.52
1.521
1.522
1.523
1.524
1.524
1.525
1.526
1.527
1.528
1.53
1.531
1.533
1.534
1.536
1.537
1.539
1.54
1.542
1.543
1.545
1.546
1.548
1.549
1.55
1.552
1.553
1.554
1.556
1.557
1.558
1.56
1.561
1.562
1.563
1.564
1.566
1.567
1.568
1.569
1.57
1.571
1.572
1.573
1.574
1.575
1.576
1.576
1.577
1.578
1.579
1.579
1.58
1.581
1.581
1.582
1.583
1.583
1.584
1.584
1.584
1.584
1.584
1.584
1.583
1.583
1.583
1.583
1.582
1.582
1.582
1.581
1.581
1.581
1.58
1.58
1.579
1.579
1.579
1.578
1.578
1.577
1.577
1.576
1.576
1.575
1.575
1.574
1.574
1.573
1.572
1.572
1.571
1.571
1.57
1.569
1.569
1.568
1.567
1.567
1.566
1.565
1.565
1.564
1.563
1.562
1.562
1.561
1.56
1.559
1.559
1.558
1.557
1.556
1.555
1.555
1.554
1.553
1.552
1.551
1.55
1.55
1.549
1.548
1.547
1.546
1.545
1.544
1.544
1.543
1.542
1.541
1.54
1.539
1.538
1.537
1.536
1.536
1.535
1.534
0.005366
0.003877
0.002384
0.000887
1.529
1.528
1.528
1.527
1.526
1.517
1.518
1.518
0.3541
0.9114
-0.01558
0.331
-0.01878
-0.01959
0.39
1.514
0.7497
-0.01957
1.509
1.507
-0.01955
1.505
1.504
1.503
-0.01952
1.5
0.2295
-0.01183
-0.01098
-0.01013
0.7301
-0.00842
-0.007556
-0.006686
-0.005812
-0.004933
-0.004048
-0.003159
-0.002265
-0.001366
-0.0004627
-0.0003721
-0.001617
-0.002925
-0.004297
-0.005734
-0.007235
-0.007689
-0.007965
0.7257
-0.008579
0.3677
0.8333
-0.004963
1.501
0.004108
0.008818
0.9489
0.01859
0.02366
0.02838
0.02946
1.509
-0.002072
-0.001773
-0.001476
-0.001181
-0.0008894
-0.0006018
-0.0003155
-3.21e-05
0.0002504
0.0005287
0.0008029
0.001074
0.001343
0.001607
0.001868
0.002129
0.00239
0.002644
0.002898
0.003145
0.003392
0.003632
0.003872
0.004106
0.004339
0.004569
0.004792
0.005015
0.00523
0.005443
0.005655
0.005863
0.006068
0.006269
0.006467
0.00666
0.00685
0.007037
0.007219
0.007398
0.007573
0.007744
0.007911
0.008075
0.008234
0.00839
0.008542
0.00869
0.008834
0.008974
0.009111
0.009243
0.009372
0.009497
0.009617
0.009734
0.009847
0.009956
0.01006
0.01016
0.01026
0.01036
0.01045
0.01053
0.01061
0.0107
0.01077
0.01084
0.01091
0.01085
0.01062
0.0104
0.01017
0.00994
0.009708
0.009474
0.009238
0.009
0.008761
0.008521
0.008279
0.008037
0.007793
0.007549
0.007303
0.007057
0.006811
0.006564
0.006318
0.006071
0.005824
0.005577
0.00533
0.005084
0.004838
0.004592
0.004348
0.004104
0.00386
0.003618
0.003377
0.003137
0.002898
0.00266
0.002424
0.002189
0.001956
0.001724
0.001494
0.001265
0.001039
0.0008138
0.0005909
0.0003698
0.0001507
-6.632e-05
-0.0002813
-0.0004941
-0.0007048
-0.0009133
-0.00112
-0.001324
-0.001525
-0.001725
-0.001922
-0.002116
-0.002309
-0.002499
-0.002686
-0.002871
-0.003054
-0.003234
-0.003412
-0.003588
-0.003761
-0.003931
-0.0041
-0.004266
-0.004429
-0.00459
-0.004749
-0.004905
-0.00506
-0.005212
-0.005361
-0.005509
-0.005654
-0.005797
-0.005938
-0.006077
-0.006214
-0.006349
-0.006482
-0.006613
-0.006742
-0.00687
-0.006996
-0.00712
-0.007242
-0.007363
-0.007482
-0.0076
-0.007716
-0.007831
-0.007944
-0.008057
-0.008168
-0.008278
-0.008387
-0.008495
-0.008602
-0.008709
-0.008814
-0.008919
-0.009023
-0.009127
-0.00923
-0.009332
-0.009434
-0.009536
-0.009638
-0.00974
-0.009841
-0.009943
-0.01004
-0.01015
-0.01025
-0.01035
-0.01045
-0.01056
-0.01066
-0.01076
-0.01087
-0.01097
-0.01108
-0.01119
-0.01129
-0.0114
-0.01151
-0.01162
-0.01174
-0.01185
-0.01196
-0.01208
-0.0122
-0.01232
-0.01244
-0.01256
-0.01268
-0.01281
-0.01293
-0.01308
-0.01338
-0.01369
-0.014
-0.0143
-0.01461
-0.01492
1.517
1.516
-0.01304
-0.01419
-0.01534
0.9505
0.7475
1.511
1.511
1.511
1.511
-0.01955
1.513
-0.01955
-0.01956
0.5066
1.515
-0.01587
1.516
1.516
-0.01237
-0.01181
-0.01126
1.507
1.505
1.503
-0.01743
1.498
1.496
1.493
1.497
1.502
0.5484
1.504
-0.01963
1.507
-0.01964
1.173
-0.01965
1.502
1.501
1.5
1.499
1.498
1.504
1.505
1.505
1.505
1.506
1.506
1.506
1.507
1.507
1.508
1.508
1.509
1.509
1.51
1.51
1.511
1.511
1.512
1.512
1.513
1.514
1.514
1.515
1.515
1.516
1.517
1.517
1.518
1.519
1.519
1.52
1.521
1.521
1.521
1.521
1.521
1.521
1.521
1.521
1.522
1.522
1.522
1.522
1.522
1.522
1.522
1.523
1.523
1.523
1.523
1.523
1.523
1.524
1.524
1.524
1.524
1.524
1.524
1.525
1.525
1.525
1.525
1.525
1.525
1.526
0.06276
1.526
1.526
1.526
1.527
1.527
1.527
1.528
1.528
1.528
1.529
1.529
1.529
1.529
1.53
1.53
1.53
1.531
1.531
1.531
1.532
1.532
1.532
1.532
1.533
1.533
1.533
1.533
1.534
1.534
1.534
1.534
1.535
1.535
1.535
1.535
1.536
1.536
1.536
1.536
1.536
1.537
1.537
1.537
1.537
1.537
1.538
1.538
1.538
1.538
1.538
1.538
1.538
1.539
1.539
1.539
1.539
1.539
1.539
1.539
1.539
1.539
1.54
1.54
1.54
1.54
1.54
1.54
1.54
1.54
1.54
1.54
1.54
1.54
1.54
1.54
1.54
1.54
1.54
1.54
1.54
1.54
1.54
1.54
1.54
1.54
1.539
1.539
1.539
1.539
1.539
1.539
1.539
1.539
1.539
1.539
1.539
1.538
1.538
1.538
1.538
1.538
1.538
1.538
1.537
1.537
1.537
1.537
1.537
1.537
1.536
1.536
1.536
1.536
1.536
1.536
1.535
1.535
1.535
1.535
1.535
1.534
1.534
1.534
1.534
1.534
1.533
1.533
1.533
1.533
1.532
1.532
1.532
1.531
1.531
1.53
1.53
1.529
1.529
1.529
1.528
1.528
1.527
1.527
1.527
1.526
1.526
1.525
1.525
0.0008672
-8.674e-05
1.524
1.523
1.523
1.522
1.522
1.521
1.521
1.52
1.52
0.3382
-0.01958
1.514
1.514
1.514
1.515
-0.01739
1.411
1.516
-0.01843
-0.01955
-0.01954
1.514
1.513
1.513
1.512
1.512
1.508
1.515
1.515
-0.0174
1.515
-0.01574
0.6845
-0.0141
-0.01328
-0.01246
1.514
-0.01083
1.514
-0.01482
-0.01459
-0.01436
-0.01414
-0.01391
-0.01368
-0.01345
-0.01323
-0.013
-0.01278
-0.01255
-0.01233
-0.01211
-0.01189
-0.01168
-0.01146
-0.01125
-0.01103
-0.01082
-0.01061
-0.0104
-0.0102
-0.00999
-0.009783
-0.009578
-0.009372
-0.009167
