0.071
0.35
0.306
0.34
0.339
0.32
0.327
0.328
0.365
0.334
0.858
0.801
0.8
0.8
0.761
0.728
0.74
0.751
0.74
0.806
2.818
2.306
2.51
2.287
2.299
5.246
2.373
2.74
2.307
2.291
4.006
3.692
5.015
3.771
3.855
3.795
3.801
16.286
14.138
11.798
26.049
24.528
10.837
6.623
26.671
21.49
23.824
19.873
31.715
24.197
41.901
42.888
289.107
37.181
30.267
53.817
46.127
11.812
25.775
25.203
14.197
21.926
25.795
17.278
13.818
58.316
14.283
13.905
62.567
14.679
8.279
8.75
10.22
12.858
10.486
8.522
8.933
9.599
9.254
8.474
33.998
42.377
42.746
42.845
42.127
42.744
41.841
42.199
42.487
42.902
54.763
53.878
51.241
48.789
48.57
48.835
47.137
47.693
47.64
48.262
60.867
60.662
62.888
62.042
60.868
60.777
60.878
59.638
60.029
61.947
74.652
74.938
74.623
74.16
75.071
77.26
75.437
76.367
78.475
77.918
99.659
100.847
94.771
101.365
96.34
97.033
95.855
101.267
95.541
65.832
76.022
75.643
77.934
82.625
82.581
76.262
75.959
75.208
82.345
76.996
86.794
85.087
86.54
93.433
86.88
89.518
91.31
86.066
87.564
141.137
36.075
34.947
39.653
33.761
39.768
33.409
33.812
34.717
45.862
33.587
37.879
37.086
37.59
42.599
36.736
36.873
37.314
37.001
43.24
37.179
42.315
41.839
42.136
40.923
41.852
40.947
41.011
41.383
40.953
41.562
47.143
47.354
46.66
46.288
52.5
45.861
46.653
47.736
47.73
52.159
52.385
53.159
59.866
58.847
53.054
57.832
51.14
52.631
61.45
57.665
64.248
63.255
64.033
57.712
57.57
63.357
57.904
63.874
56.571
63.25
68.085
66.98
62.705
75.382
70.069
69.074
70.693
70.584
63.433
70.388
83.665
76.102
80.877
79.031
263.08
350.282
352.994
351.561
454.754
465.381
495.69
513.711
490.113
443.794
503.558
393.794
438.467
276.022
284.159
280.155
322.1
332.634
326.708
327.323
436.085
333.041
324.093
328.141
324.242
321.658
296.317
297.346
317.35
296.391
304.275
291.01
294.043
296.991
301.179
305.075
321.364
333.042
411.687
405.705
245.752
112.728
101.324
106.916
106.559
99.59
108.051
108.513
107.282
108.514
114.45
138.421
108.99
106.935
107.838
115.744
124.568
119.992
488.244
497.854
117.156
494.333
493.372
496.369
496.357
491.421
550.392
549.07
550.352
583.527
548.279
538.66
539.68
542.162
544.166
138.88
