0.056
0.299
0.301
0.303
0.317
0.284
0.356
0.315
0.298
0.327
0.684
0.707
0.711
1.358
0.668
0.644
0.675
0.666
0.64
0.743
1.582
1.645
1.602
1.64
1.593
1.719
1.642
1.597
1.588
1.586
2.379
2.35
2.602
2.379
2.424
2.401
2.901
5.15
2.41
4.979
3.586
3.374
3.467
3.404
3.517
3.401
3.458
3.324
6.922
3.336
4.718
10.094
4.798
4.662
10.112
6.205
4.677
4.682
4.637
4.648
6.458
6.957
6.671
7.016
6.162
15.586
6.303
15.675
6.352
6.204
7.861
9.546
9.718
10.595
13.46
7.491
8.074
7.693
7.955
7.675
10.671
10.498
10.35
10.146
10.286
10.071
10.186
10.692
10.246
10.609
12.07
12.322
12.186
11.791
11.73
12.485
11.965
13.325
12.346
12.308
14.579
14.594
14.757
14.72
14.872
15.526
15.086
15.388
15.241
15.127
17.552
20.687
17.978
24.875
18.239
17.996
17.776
18.135
17.183
18.318
21.283
21.158
20.867
21.183
21.305
20.827
20.425
21.107
20.755
20.185
24.017
24.126
23.849
23.485
23.456
23.332
24.221
23.261
23.277
23.587
26.925
28.777
26.533
26.972
26.26
27.218
26.881
26.648
32.863
27.314
30.656
30.916
30.111
29.312
29.888
31.338
29.725
29.763
29.337
29.902
32.518
33.335
32.419
32.524
32.829
32.832
33.202
39.73
35.3
32.647
37.36
36.518
36.463
37.28
37.015
36.547
36.207
36.456
43.874
36.933
40.707
40.698
41.572
41.237
42.327
40.619
41.363
43.328
42.407
40.914
46.69
48.014
46.505
52.34
45.692
46.042
46.712
53.121
46.646
46.155
50.621
50.723
50.32
50.745
56.689
51.126
50.581
50.263
50.412
50.188
55.091
60.852
54.816
56.433
56.099
57.565
55.695
55.511
57.634
56.936
61.678
73.223
63.129
63.487
70.397
67.698
67.868
71.864
78.962
65.365
79.698
74.561
75.456
115.366
73.164
75.663
73.223
71.751
72.106
72.58
80.705
80.064
85.925
84.936
81.924
76.58
77.563
76.657
76.867
76.567
83.999
120.437
89.273
84.09
82.473
83.268
82.585
90.597
111.424
82.937
97.406
91.024
91.246
91.7
90.516
89.38
89.39
89.34
87.235
87.931
94.61
97.035
94.146
102.974
133.625
95.485
96.837
96.799
95.684
108.117
105.155
111.545
105.995
111.779
103.164
104.613
108.559
112.587
107.738
107.769
120.522
123.64
192.195
115.785
126.589
114.492
121.775
118.218
114.028
121.21
