0.029
0.927
0.798
0.778
2.035
0.753
2.057
1.991
1.901
1.989
3.436
3.732
1.689
1.709
1.626
3.446
3.409
3.24
3.463
1.629
3.977
4.048
6.818
3.84
3.886
3.988
3.791
4.185
6.368
4.324
5.889
6.339
6.266
5.863
5.784
6.093
5.729
7.993
5.676
10.817
8.661
8.473
8.436
8.233
13.101
12.719
12.991
12.992
15.349
12.39
11.828
10.738
10.503
10.703
10.571
15.5
12.008
10.595
10.724
48.518
14.488
14.27
62.056
14.24
14.348
13.693
14.277
14.563
14.014
14.249
19.202
24.672
26.841
21.799
23.474
17.976
18.212
17.881
18.136
17.571
22.492
24.819
36.914
22.002
37.391
25.051
22.494
22.178
21.693
37.33
26.685
26
26.293
63.874
26.881
34.748
26.289
184.678
26.788
26.268
31.804
32.254
64.82
33.012
32.455
148.827
32.138
38.865
32.222
31.971
44.83
42.874
37.026
44.683
43.535
36.841
42.651
39.662
41.018
39.472
44.712
45.219
47.716
51.712
50.899
45.651
50.966
44.195
43.392
47.154
79.467
51
59.768
80.08
58.112
57.833
60.172
59.574
112.348
58.406
67.2
2217.5
58.718
66.934
86.863
182.933
58.613
79.549
144.225
138.905
161.791
77.131
69.883
73.874
72.691
76.813
70.556
72.664
78.241
70.268
231.071
104.334
223.223
79.178
115.039
118.827
76.964
85.194
78.581
82.421
99.6
738.671
94.47
134.332
136.89
96.385
368.455
133.619
89.81
130.129
108.715
107.629
147.74
104.899
101.802
101.218
99.357
149.365
102.302
101.539
114.068
105.901
113.686
110.557
116.587
106.144
120.82
111.333
112.171
114.413
124.048
118.564
127.994
121.791
179.478
127.738
132.806
118.651
362.63
197.983
156.121
152.71
406.25
426.492
142.649
399.591
137.613
351.118
136.919
401.246
158.657
148.669
157.023
148.736
159.615
212.577
5842.21
229.094
152.789
980.487
161.174
167.986
166.163
164.37
174.416
173.032
167.145
160.219
168.713
177.437
10311
181.14
192.339
180.582
177.798
186.973
185.189
176.039
187.704
187.068
199.241
198.136
200.621
190.467
197.32
200.596
197.459
221.912
255.091
190.244
215.318
206.593
221.591
210.058
215.266
204.707
212.193
215.377
206.062
220.66
226.912
707.873
266.826
714.173
220.126
701.858
232.255
700
234.009
235.264
254.678
297.38
259.18
243.669
245.644
290.225
2961.62
788.406
253.072
254.994
271.108
283.615
267.298
266.387
260.759
269.427
260.049
264.774
276.082
271.534
