0.279
0.581
0.473
0.475
0.506
0.495
0.48
0.51
0.484
0.514
0.651
0.702
0.705
1.857
0.672
0.648
0.655
0.682
0.662
0.797
0.936
0.949
0.945
0.937
0.938
0.941
0.938
0.941
0.936
0.955
1.173
1.267
1.177
1.186
1.177
1.184
1.193
1.195
1.178
1.179
1.458
1.479
1.463
1.457
1.456
1.452
1.474
1.465
1.461
1.466
1.776
1.803
1.78
1.782
1.735
4.29
1.769
1.742
1.767
1.753
2.108
2.049
2.107
2.118
2.122
1.969
2.113
1.976
2.107
2.09
2.488
2.772
2.518
2.84
3.985
2.505
2.484
2.502
2.475
2.486
2.914
2.96
2.843
2.848
2.82
2.892
2.838
2.805
2.926
2.868
3.128
3.232
3.128
3.398
3.236
3.362
3.22
6.937
3.207
3.248
3.528
3.53
3.599
3.614
3.72
3.671
3.556
3.819
3.512
3.761
3.973
4.048
4.113
4.127
4.134
3.957
4.055
4.299
3.945
4.066
4.789
4.662
4.827
4.766
4.831
4.754
4.785
4.776
4.705
4.69
5.377
5.409
5.237
5.23
5.318
5.327
5.29
5.169
5.267
5.261
5.759
6.089
5.821
6.084
6.278
5.909
5.862
5.72
5.663
5.859
6.285
6.269
6.298
6.331
6.457
6.487
6.299
6.324
6.276
6.31
6.872
6.887
6.779
6.977
6.848
6.869
6.827
7.157
7.447
6.921
7.453
7.78
7.829
7.606
7.544
7.477
7.525
7.572
7.484
7.411
8.292
8.192
8.482
8.117
8.403
8.361
8.119
8.414
10.654
8.187
8.826
8.96
8.775
9.276
8.77
8.703
9.24
8.981
8.785
8.947
9.452
9.563
9.492
9.846
9.79
9.565
9.46
9.465
9.962
9.464
10.273
10.3
10.224
10.434
10.251
10.755
10.376
10.274
10.487
10.328
11.028
14.541
11.478
11.239
11.319
11.086
11.044
10.945
11.253
10.969
11.923
12.041
12.352
17.965
17.779
12.475
12.017
11.955
17.772
12.112
13.452
13.359
18.651
12.932
12.944
12.761
13.258
13.693
18.658
12.851
14.019
26.809
19.397
13.966
14.03
13.876
13.874
14.308
16.404
13.964
20.727
20.301
20.542
14.526
15.245
20.445
15.028
14.671
20.216
14.493
21.534
15.713
15.789
15.564
31.136
15.794
22.696
21.368
21.352
18.801
16.648
17.66
16.744
17.718
16.684
22.377
17.336
16.479
22.295
22.317
17.492
18.404
36.026
17.535
23.315
17.586
17.523
17.587
23.452
18.517
