-1.571
-1.571
-1.571
-1.572
-1.572
-1.573
-1.573
-1.574
-1.575
-1.576
-1.577
-1.579
-1.58
-1.581
-1.583
-1.585
-1.586
-1.588
-1.59
-1.592
-1.593
-1.595
-1.597
-1.599
-1.601
-1.603
-1.605
-1.607
-1.609
-1.611
-1.613
-1.615
-1.617
-1.619
-1.621
-1.623
-1.625
-1.627
-1.629
-1.631
-1.632
-1.634
-1.636
-1.637
-1.639
-1.641
-1.642
-1.643
-1.645
-1.646
-1.647
-1.649
-1.65
-1.651
-1.652
-1.653
-1.654
-1.655
-1.655
-1.656
-1.657
-1.657
-1.658
-1.658
-1.659
-1.659
-1.659
-1.659
-1.659
-1.659
-1.659
-1.659
-1.659
-1.659
-1.659
-1.658
-1.658
-1.658
-1.657
-1.657
-1.656
-1.655
-1.655
-1.654
-1.653
-1.653
-1.652
-1.651
-1.65
-1.649
-1.648
-1.647
-1.646
-1.645
-1.644
-1.643
-1.642
-1.64
-1.639
-1.638
-1.637
-1.636
-1.634
-1.633
-1.632
-1.631
-1.63
-1.628
-1.627
-1.626
-1.625
-1.624
-1.622
-1.621
-1.62
-1.619
-1.618
-1.617
-1.616
-1.615
-1.614
-1.613
-1.612
-1.611
-1.61
-1.609
-1.608
-1.608
-1.607
-1.606
-1.605
-1.605
-1.604
-1.604
-1.603
-1.602
-1.602
-1.602
-1.601
-1.601
-1.6
-1.6
-1.6
-1.6
-1.6
-1.599
-1.599
-1.599
-1.599
-1.599
-1.599
-1.599
-1.6
-1.6
-1.6
-1.6
-1.6
-1.601
-1.601
-1.601
-1.602
-1.602
-1.602
-1.603
-1.603
-1.604
-1.604
-1.605
-1.606
-1.606
-1.607
-1.607
-1.608
-1.609
-1.609
-1.61
-1.611
-1.611
-1.612
-1.613
-1.614
-1.614
-1.615
-1.616
-1.616
-1.617
-1.618
-1.618
-1.619
-1.62
-1.621
-1.621
-1.622
-1.623
-1.624
-1.625
-1.626
-1.627
-1.628
-1.629
-1.63
-1.631
-1.632
-1.634
-1.635
-1.637
-1.638
-1.64
-1.642
-1.644
-1.646
-1.649
-1.652
-1.655
-1.658
-1.661
-1.665
-1.669
-1.673
-1.677
-1.681
-1.685
-1.69
-1.694
-1.698
-1.703
-1.708
-1.712
-1.717
-1.722
-1.726
-1.731
-1.736
-1.741
-1.745
-1.75
-1.754
-1.759
-1.764
-1.768
-1.772
-1.777
-1.781
-1.785
-1.79
-1.794
-1.797
-1.801
-1.805
-1.808
-1.812
-1.815
-1.818
-1.821
-1.824
-1.827
-1.83
-1.832
-1.835
-1.837
-1.839
-1.841
-1.843
-1.844
-1.846
-1.847
-1.848
-1.849
-1.85
-1.851
-1.852
-1.852
-1.853
-1.853
-1.853
-1.852
-1.857
-1.862
-1.867
-1.871
-1.876
-1.88
-1.884
-1.888
-1.892
-1.895
-1.899
-1.902
-1.905
-1.908
-1.911
-1.914
-1.917
-1.919
-1.921
-1.923
-1.925
-1.927
-1.928
-1.929
-1.931
-1.931
-1.932
-1.932
-1.933
-1.933
-1.932
-1.932
-1.931
-1.93
-1.929
-1.927
-1.926
-1.924
-1.922
-1.92
-1.917
-1.915
-1.912
-1.909
-1.906
-1.902
-1.899
-1.895
-1.891
-1.887
-1.883
-1.879
-1.875
-1.87
-1.866
-1.861
-1.856
-1.851
-1.846
-1.841
-1.836
-1.831
-1.826
-1.82
-1.815
-1.81
-1.805
-1.8
-1.794
-1.789
-1.784
-1.779
-1.774
-1.77
-1.765
-1.761
-1.756
-1.752
-1.748
-1.744
-1.74
-1.736
-1.732
-1.728
-1.725
-1.721
-1.718
-1.715
-1.711
-1.708
-1.705
-1.702
-1.699
-1.696
-1.693
-1.691
-1.688
-1.685
-1.683
-1.68
-1.678
-1.676
-1.674
-1.672
-1.67
-1.669
-1.667
-1.665
-1.664
-1.662
-1.661
-1.659
-1.658
-1.656
-1.655
-1.654
-1.652
-1.651
-1.65
-1.649
-1.648
-1.647
-1.646
-1.645
-1.645
-1.644
-1.644
-1.643
-1.643
-1.643
-1.643
-1.643
-1.643
-1.644
-1.644
-1.644
-1.645
-1.646
-1.646
-1.647
-1.648
-1.649
-1.65
-1.651
-1.653
-1.654
-1.655
-1.657
-1.658
-1.66
-1.661
-1.663
-1.664
-1.666
-1.667
-1.669
-1.671
-1.672
-1.674
-1.675
-1.677
-1.679
-1.68
-1.682
-1.683
-1.685
-1.686
-1.688
-1.689
-1.691
-1.692
-1.693
-1.695
-1.696
-1.697
-1.698
-1.7
-1.701
-1.702
-1.703
-1.704
-1.705
-1.705
-1.706
-1.707
-1.708
-1.708
-1.709
-1.71
-1.71
-1.711
-1.711
-1.711
-1.712
-1.712
-1.712
-1.712
-1.712
-1.712
-1.712
-1.712
-1.712
-1.712
-1.712
-1.712
-1.712
-1.711
-1.711
-1.711
-1.71
-1.71
-1.709
-1.709
-1.708
-1.708
-1.707
-1.707
-1.706
-1.705
-1.705
-1.704
-1.703
-1.703
-1.702
-1.701
-1.7
-1.7
-1.699
-1.698
-1.697
-1.696
-1.696
-1.695
-1.694
-1.693
-1.692
-1.692
-1.691
-1.69
-1.689
-1.689
-1.688
-1.687
-1.686
-1.686
-1.685
-1.684
-1.684
-1.683
-1.682
-1.682
-1.681
-1.681
-1.68
-1.68
-1.679
-1.678
-1.678
-1.677
-1.677
-1.676
-1.675
-1.675
-1.674
-1.674
-1.673
-1.673
-1.672
-1.672
-1.672
-1.671
-1.671
-1.671
-1.67
-1.67
-1.67
-1.67
-1.67
-1.67
-1.671
-1.671
-1.671
-1.672
-1.672
-1.673
-1.673
-1.674
-1.675
-1.676
-1.676
-1.677
-1.678
-1.679
-1.68
-1.681
-1.682
-1.683
-1.684
-1.686
-1.687
-1.688
-1.689
-1.691
-1.692
-1.694
-1.695
-1.697
-1.698
-1.7
-1.701
-1.703
-1.704
-1.706
-1.708
-1.709
-1.711
-1.713
-1.714
-1.716
-1.718
-1.719
-1.721
-1.722
-1.724
-1.725
-1.727
-1.728
-1.73
-1.731
-1.733
-1.734
-1.736
-1.737
-1.738
-1.74
-1.741
-1.742
-1.743
-1.745
-1.746
-1.747
-1.748
-1.749
-1.75
-1.75
-1.751
-1.752
-1.753
-1.753
-1.754
-1.754
-1.755
-1.756
-1.756
-1.757
-1.757
-1.757
-1.758
-1.758
-1.758
-1.758
-1.758
-1.758
-1.758
-1.758
-1.758
-1.758
-1.758
-1.758
-1.758
-1.757
-1.757
-1.757
-1.757
-1.756
-1.756
-1.756
-1.756
-1.755
-1.755
-1.755
-1.755
-1.754
-1.754
-1.754
-1.753
-1.753
-1.753
-1.752
-1.752
-1.751
-1.75
-1.75
-1.749
-1.748
-1.747
-1.746
-1.745
-1.743
-1.742
-1.74
-1.739
-1.737
-1.735
-1.733
-1.731
-1.729
-1.727
-1.725
-1.723
-1.72
-1.718
-1.715
-1.712
-1.71
-1.707
-1.704
-1.701
-1.699
-1.696
-1.693
-1.69
-1.687
-1.684
-1.682
-1.679
-1.676
-1.673
-1.67
-1.667
-1.664
-1.662
-1.659
-1.656
-1.653
-1.651
-1.648
-1.646
-1.644
-1.642
-1.64
-1.638
-1.637
-1.636
-1.634
-1.633
-1.632
-1.632
-1.631
-1.63
-1.63
-1.629
-1.629
-1.628
-1.628
-1.627
-1.627
-1.627
-1.627
-1.627
-1.627
-1.627
-1.627
-1.627
-1.627
-1.628
-1.628
-1.628
-1.629
-1.629
-1.63
-1.63
-1.63
-1.63
-1.63
-1.63
-1.63
-1.63
-1.63
-1.63
-1.629
-1.63
-1.63
-1.63
-1.63
-1.631
-1.632
-1.632
-1.633
-1.634
-1.636
-1.637
-1.638
-1.64
-1.641
-1.642
-1.644
-1.645
-1.646
-1.648
-1.649
-1.651
-1.652
-1.653
-1.655
-1.656
-1.657
-1.659
-1.66
-1.662
-1.663
-1.664
-1.666
-1.667
-1.669
-1.67
-1.671
-1.673
-1.674
-1.675
-1.677
-1.678
-1.679
-1.68
-1.681
-1.682
-1.683
-1.684
-1.685
-1.686
-1.687
-1.688
-1.689
-1.69
-1.691
-1.691
-1.692
-1.693
-1.693
-1.694
-1.694
-1.695
-1.695
-1.695
-1.696
-1.696
-1.696
-1.696
-1.697
-1.697
-1.697
-1.697
-1.697
-1.697
-1.697
-1.697
-1.697
-1.696
-1.696
-1.696
-1.696
-1.696
-1.695
-1.695
-1.694
-1.694
-1.694
-1.693
-1.693
-1.692
-1.692
-1.691
-1.691
-1.69
-1.689
-1.689
-1.688
-1.688
-1.687
-1.686
-1.686
-1.685
-1.684
-1.684
-1.683
-1.682
-1.682
-1.681
-1.68
-1.68
-1.679
-1.678
-1.678
-1.677
-1.676
-1.676
-1.675
-1.674
-1.674
-1.673
-1.673
-1.672
-1.672
-1.671
-1.671
-1.67
-1.67
-1.669
-1.669
-1.668
-1.668
-1.667
-1.667
-1.667
-1.666
-1.666
-1.666
-1.666
-1.666
-1.666
-1.666
-1.666
-1.667
-1.668
-1.67
-1.671
-1.673
-1.675
-1.677
-1.679
-1.682
-1.685
-1.688
-1.691
-1.695
-1.698
-1.702
-1.706
-1.71
-1.714
-1.718
-1.722
-1.726
-1.73
-1.735
-1.739
-1.744
-1.748
-1.753
-1.757
-1.762
-1.766
-1.771
-1.775
-1.78
-1.784
-1.789
-1.793
-1.797
-1.801
-1.806
-1.81
-1.814
-1.818
-1.822
-1.826
-1.829
-1.833
-1.837
-1.84
-1.843
-1.846
-1.849
-1.852
-1.855
-1.857
-1.859
-1.861
-1.863
-1.865
-1.866
-1.868
-1.869
-1.87
-1.871
-1.872
-1.872
-1.873
-1.873
-1.873
-1.873
-1.873
-1.872
-1.872
-1.871
-1.87
-1.869
-1.868
-1.867
-1.865
-1.864
-1.862
-1.86
-1.864
-1.868
-1.873
-1.876
-1.88
-1.883
-1.886
-1.888
-1.891
-1.893
-1.895
-1.897
-1.898
-1.899
-1.901
-1.902
-1.902
-1.903
-1.903
-1.904
-1.904
