-1.571
-1.571
-1.571
-1.572
-1.572
-1.573
-1.573
-1.574
-1.575
-1.576
-1.577
-1.579
-1.58
-1.581
-1.583
-1.571
-1.571
-1.571
-1.571
-1.571
-1.571
-1.571
-1.571
-1.571
-1.571
-1.571
-1.571
-1.571
-1.571
-1.571
-1.571
-1.571
-1.571
-1.571
-1.571
-1.572
-1.572
-1.572
-1.572
-1.572
-1.572
-1.572
-1.572
-1.572
-1.572
-1.572
-1.572
-1.572
-1.572
-1.572
-1.572
-1.572
-1.572
-1.572
-1.572
-1.573
-1.573
-1.573
-1.573
-1.573
-1.573
-1.573
-1.573
-1.573
-1.573
-1.573
-1.573
-1.573
-1.573
-1.573
-1.573
-1.573
-1.573
-1.573
-1.573
-1.573
-1.573
-1.573
-1.573
-1.573
-1.573
-1.572
-1.572
-1.572
-1.572
-1.572
-1.572
-1.572
-1.572
-1.572
-1.572
-1.572
-1.572
-1.572
-1.572
-1.572
-1.572
-1.572
-1.572
-1.572
-1.572
-1.571
-1.571
-1.571
-1.571
-1.571
-1.571
-1.571
-1.571
-1.571
-1.571
-1.571
-1.571
-1.571
-1.571
-1.571
-1.571
-1.571
-1.571
-1.571
-1.57
-1.57
-1.57
-1.57
-1.57
-1.57
-1.57
-1.57
-1.57
-1.57
-1.57
-1.57
-1.57
-1.57
-1.57
-1.57
-1.57
-1.57
-1.57
-1.57
-1.57
-1.57
-1.57
-1.57
-1.57
-1.57
-1.57
-1.57
-1.57
-1.57
-1.57
-1.569
-1.569
-1.569
-1.569
-1.569
-1.569
-1.569
-1.569
-1.569
-1.569
-1.569
-1.569
-1.569
-1.569
-1.569
-1.569
-1.569
-1.569
-1.569
-1.569
-1.569
-1.569
-1.569
-1.569
-1.569
-1.569
-1.57
-1.57
-1.571
-1.572
-1.573
-1.574
-1.575
-1.577
-1.578
-1.58
-1.582
-1.584
-1.587
-1.589
-1.592
-1.594
-1.597
-1.6
-1.603
-1.606
-1.609
-1.612
-1.616
-1.619
-1.623
-1.627
-1.63
-1.634
-1.638
-1.642
-1.646
-1.65
-1.654
-1.658
-1.662
-1.667
-1.671
-1.675
-1.679
-1.683
-1.688
-1.692
-1.696
-1.7
-1.705
-1.709
-1.713
-1.717
-1.721
-1.726
-1.73
-1.734
-1.738
-1.742
-1.746
-1.749
-1.753
-1.757
-1.761
-1.764
-1.768
-1.771
-1.775
-1.778
-1.782
-1.785
-1.788
-1.791
-1.794
-1.797
-1.799
-1.802
-1.805
-1.807
-1.809
-1.812
-1.814
-1.816
-1.818
-1.819
-1.821
-1.823
-1.824
-1.826
-1.827
-1.828
-1.829
-1.83
-1.83
-1.831
-1.831
-1.832
-1.832
-1.832
-1.832
-1.832
-1.831
-1.831
-1.83
-1.83
-1.829
-1.828
-1.828
-1.827
-1.825
-1.824
-1.823
-1.821
-1.82
-1.818
-1.817
-1.815
-1.813
-1.811
-1.808
-1.806
-1.804
-1.801
-1.799
-1.796
-1.793
-1.783
-1.779
-1.776
-1.772
-1.769
-1.765
-1.761
-1.757
-1.754
-1.75
-1.746
-1.742
-1.738
-1.734
-1.73
-1.726
-1.722
-1.717
-1.713
-1.709
-1.705
-1.701
-1.697
-1.694
-1.69
-1.686
-1.682
-1.678
-1.675
-1.671
-1.667
-1.664
-1.661
-1.657
-1.654
-1.651
-1.648
-1.646
-1.643
-1.64
-1.638
-1.636
-1.634
-1.632
-1.63
-1.629
-1.627
-1.626
-1.625
-1.624
-1.624
-1.623
-1.623
-1.623
-1.623
-1.623
-1.623
-1.623
-1.623
-1.623
-1.623
-1.623
-1.623
-1.623
-1.623
-1.623
-1.623
-1.623
-1.623
-1.623
-1.623
-1.623
-1.623
-1.623
-1.623
-1.623
-1.623
-1.623
-1.635
-1.634
-1.634
-1.633
-1.632
-1.632
-1.631
-1.631
-1.63
-1.63
-1.629
-1.629
-1.629
-1.628
-1.628
-1.628
-1.628
-1.627
-1.627
-1.627
-1.627
-1.627
-1.627
-1.627
-1.627
-1.627
-1.627
-1.627
-1.627
-1.627
-1.627
-1.627
-1.627
-1.627
-1.627
-1.627
-1.627
-1.627
-1.627
-1.628
-1.628
-1.628
-1.628
-1.628
-1.628
-1.628
-1.628
-1.628
-1.629
-1.629
-1.629
-1.629
-1.629
-1.629
-1.629
-1.629
-1.629
-1.63
-1.63
-1.63
-1.63
-1.63
-1.63
-1.63
-1.63
-1.63
-1.63
-1.631
-1.631
-1.631
-1.631
-1.631
-1.631
-1.631
-1.631
-1.631
-1.631
-1.632
-1.632
-1.632
-1.632
-1.632
-1.632
-1.632
-1.632
-1.632
-1.632
-1.633
-1.633
-1.633
-1.633
-1.633
-1.633
-1.633
-1.633
-1.633
-1.633
-1.633
-1.633
-1.633
-1.634
-1.634
-1.634
-1.634
-1.634
-1.634
-1.634
-1.634
-1.634
-1.634
-1.634
-1.634
-1.634
-1.634
-1.634
-1.634
-1.634
-1.634
-1.635
-1.635
-1.635
-1.635
-1.635
-1.635
-1.635
-1.635
-1.635
-1.635
-1.635
-1.635
-1.635
-1.635
-1.635
-1.635
-1.635
-1.635
-1.635
-1.635
-1.635
-1.635
-1.635
-1.635
-1.635
-1.636
-1.636
-1.636
-1.636
-1.636
-1.636
-1.636
-1.636
-1.636
-1.636
-1.636
-1.636
-1.636
-1.636
-1.636
-1.636
-1.636
-1.636
-1.636
-1.636
-1.637
-1.637
-1.637
-1.637
-1.637
-1.637
-1.637
-1.637
-1.637
-1.637
-1.638
-1.638
-1.638
-1.638
-1.638
-1.638
-1.639
-1.639
-1.639
-1.639
-1.639
-1.639
-1.64
-1.64
-1.64
-1.64
-1.641
-1.641
-1.641
-1.641
-1.641
-1.642
-1.642
-1.642
-1.642
-1.643
-1.643
-1.643
-1.643
-1.643
-1.644
-1.644
-1.644
-1.644
-1.645
-1.645
-1.645
-1.645
-1.645
-1.646
-1.646
-1.646
-1.635
-1.635
-1.635
-1.635
-1.635
-1.635
-1.635
-1.635
-1.635
-1.635
-1.635
-1.636
-1.636
-1.636
-1.636
-1.636
-1.636
-1.636
-1.636
-1.636
-1.636
-1.636
-1.636
-1.636
-1.636
-1.636
-1.636
-1.636
-1.636
-1.636
-1.636
-1.636
-1.636
-1.636
-1.636
-1.636
-1.636
-1.636
-1.637
-1.637
-1.637
-1.637
-1.637
-1.637
-1.637
-1.637
-1.637
-1.637
-1.637
-1.637
-1.637
-1.637
-1.637
-1.637
-1.637
-1.637
-1.637
-1.637
-1.637
-1.637
-1.637
-1.637
-1.637
-1.637
-1.637
-1.637
-1.637
-1.637
-1.637
-1.637
-1.637
-1.637
-1.637
-1.637
-1.637
-1.637
-1.637
-1.637
-1.637
-1.637
-1.637
-1.637
-1.637
-1.637
-1.637
-1.637
-1.637
-1.637
-1.637
-1.637
-1.637
-1.637
-1.637
-1.637
-1.637
-1.637
-1.637
-1.637
-1.648
-1.647
-1.647
-1.646
-1.646
-1.646
-1.645
-1.645
-1.645
-1.644
-1.644
-1.644
-1.644
-1.643
-1.643
-1.643
-1.643
-1.643
-1.642
-1.642
-1.642
-1.642
-1.642
-1.642
-1.642
-1.642
-1.641
-1.641
-1.641
-1.641
-1.641
-1.641
-1.641
-1.641
-1.64
-1.64
-1.64
-1.64
-1.64
-1.64
-1.64
-1.64
-1.639
-1.639
-1.639
-1.639
-1.639
-1.639
-1.639
-1.639
-1.639
-1.638
-1.638
-1.638
-1.638
-1.638
-1.638
-1.638
-1.638
-1.638
-1.638
-1.638
-1.638
-1.638
-1.638
-1.638
-1.638
-1.638
-1.638
-1.638
-1.638
-1.638
-1.638
-1.638
-1.638
-1.638
-1.638
-1.638
-1.638
-1.638
-1.638
-1.638
-1.638
-1.638
-1.638
-1.638
-1.638
-1.638
-1.638
-1.638
-1.638
-1.638
-1.638
-1.638
-1.638
-1.638
-1.638
-1.638
-1.638
-1.638
-1.638
-1.638
-1.638
-1.638
-1.638
-1.638
-1.638
-1.638
-1.638
-1.638
-1.638
-1.638
-1.638
-1.638
-1.638
-1.638
-1.638
-1.638
-1.638
-1.638
-1.638
-1.638
-1.638
-1.638
-1.638
-1.638
-1.638
-1.638
-1.638
-1.638
-1.638
-1.638
-1.638
-1.638
-1.638
-1.638
-1.638
-1.638
-1.638
-1.638
-1.638
-1.638
-1.638
-1.638
-1.638
-1.638
-1.638
-1.638
-1.638
-1.637
-1.637
-1.637
-1.637
-1.637
-1.637
-1.637
-1.637
-1.637
-1.637
-1.637
-1.637
-1.637
-1.637
-1.637
-1.637
-1.637
-1.637
-1.637
-1.637
-1.637
-1.637
-1.637
-1.637
-1.637
-1.637
-1.637
-1.637
-1.637
-1.637
-1.637
-1.637
-1.637
-1.637
-1.637
-1.636
-1.636
-1.636
-1.637
-1.637
-1.637
-1.638
-1.639
-1.64
-1.641
-1.643
-1.644
-1.646
-1.648
-1.65
-1.652
-1.654
-1.657
-1.66
-1.662
-1.665
-1.668
-1.671
-1.675
-1.678
-1.681
-1.685
-1.688
-1.692
-1.696
-1.699
-1.703
-1.707
-1.711
-1.715
-1.719
-1.723
-1.727
-1.731
-1.735
-1.739
-1.743
-1.747
-1.751
-1.755
-1.759
-1.763
-1.767
-1.771
-1.775
-1.779
-1.783
-1.787
-1.791
-1.794
-1.798
-1.801
-1.805
-1.808
-1.812
-1.815
-1.818
-1.821
-1.824
-1.827
-1.83
-1.832
-1.835
-1.837
-1.839
-1.842
-1.844
-1.846
-1.848
-1.849
-1.851
-1.853
-1.854
-1.855
-1.856
-1.857
-1.858
-1.859
-1.86
-1.86
-1.86
-1.861
-1.861
-1.861
-1.861
-1.86
-1.86
-1.86
-1.859
-1.858
-1.857
-1.856
-1.855
-1.854
-1.852
-1.851
-1.849
-1.847
-1.846
-1.844
-1.841
-1.839
-1.837
-1.835
-1.833
-1.83
-1.828
-1.825
-1.823
-1.82
-1.817
-1.814
-1.811
-1.808
-1.805
-1.802
-1.799
-1.796
-1.792
-1.789
-1.785
-1.782
