-1.571
-1.571
-1.571
-1.571
-1.571
-1.571
-1.572
-1.572
-1.572
-1.572
-1.572
-1.572
-1.572
-1.572
-1.572
-1.572
-1.572
-1.572
-1.572
-1.572
-1.572
-1.572
-1.572
-1.572
-1.572
-1.572
-1.572
-1.572
-1.572
-1.571
-1.571
-1.571
-1.571
-1.571
-1.571
-1.571
-1.57
-1.57
-1.57
-1.57
-1.57
-1.57
-1.569
-1.569
-1.569
-1.569
-1.569
-1.569
-1.569
-1.569
-1.569
-1.568
-1.568
-1.568
-1.568
-1.568
-1.567
-1.567
-1.567
-1.567
-1.566
-1.566
-1.566
-1.566
-1.566
-1.566
-1.566
-1.566
-1.566
-1.566
-1.566
-1.566
-1.566
-1.566
-1.566
-1.566
-1.566
-1.566
-1.566
-1.566
-1.566
-1.566
-1.566
-1.566
-1.566
-1.566
-1.566
-1.566
-1.566
-1.566
-1.566
-1.566
-1.565
-1.565
-1.565
-1.565
-1.565
-1.564
-1.564
-1.564
-1.564
-1.564
-1.564
-1.563
-1.563
-1.563
-1.563
-1.563
-1.563
-1.563
-1.563
-1.562
-1.562
-1.562
-1.562
-1.562
-1.562
-1.562
-1.562
-1.562
-1.561
-1.561
-1.561
-1.561
-1.561
-1.561
-1.561
-1.561
-1.56
-1.56
-1.56
-1.56
-1.56
-1.56
-1.56
-1.56
-1.56
-1.56
-1.56
-1.56
-1.56
-1.56
-1.56
-1.559
-1.559
-1.559
-1.56
-1.559
-1.559
-1.559
-1.559
-1.559
-1.559
-1.559
-1.559
-1.559
-1.559
-1.559
-1.559
-1.559
-1.559
-1.558
-1.558
-1.558
-1.558
-1.558
-1.558
-1.558
-1.559
-1.559
-1.559
-1.559
-1.559
-1.559
-1.559
-1.559
-1.559
-1.559
-1.559
-1.56
-1.56
-1.561
-1.562
-1.563
-1.565
-1.566
-1.568
-1.57
-1.571
-1.573
-1.575
-1.577
-1.579
-1.582
-1.584
-1.586
-1.589
-1.592
-1.595
-1.597
-1.6
-1.604
-1.607
-1.61
-1.614
-1.617
-1.621
-1.625
-1.629
-1.633
-1.637
-1.641
-1.645
-1.649
-1.654
-1.658
-1.663
-1.667
-1.672
-1.676
-1.681
-1.686
-1.69
-1.695
-1.7
-1.705
-1.71
-1.714
-1.719
-1.724
-1.729
-1.734
-1.739
-1.743
-1.748
-1.753
-1.758
-1.762
-1.767
-1.772
-1.776
-1.78
-1.785
-1.789
-1.793
-1.797
-1.801
-1.805
-1.809
-1.812
-1.816
-1.819
-1.822
-1.825
-1.828
-1.831
-1.834
-1.836
-1.839
-1.841
-1.843
-1.845
-1.847
-1.848
-1.85
-1.851
-1.853
-1.854
-1.854
-1.855
-1.856
-1.856
-1.856
-1.856
-1.856
-1.856
-1.856
-1.855
-1.854
-1.853
-1.852
-1.851
-1.85
-1.848
-1.846
-1.844
-1.842
-1.84
-1.838
-1.835
-1.833
-1.83
-1.827
-1.824
-1.82
-1.817
-1.813
-1.81
-1.806
-1.802
-1.798
-1.794
-1.79
-1.786
-1.782
-1.777
-1.773
-1.769
-1.764
-1.76
-1.755
-1.751
-1.746
-1.742
-1.737
-1.733
-1.728
-1.724
-1.72
-1.715
-1.711
-1.707
-1.702
-1.698
-1.694
-1.69
-1.686
-1.682
-1.678
-1.674
-1.671
-1.667
-1.664
-1.66
-1.657
-1.654
-1.651
-1.648
-1.645
-1.643
-1.64
-1.638
-1.636
-1.637
-1.639
-1.64
-1.641
-1.641
-1.642
-1.643
-1.644
-1.644
-1.645
-1.645
-1.645
-1.646
-1.646
-1.646
-1.646
-1.647
-1.647
-1.647
-1.647
-1.648
-1.648
-1.648
-1.648
-1.648
-1.649
-1.649
-1.649
-1.649
-1.649
-1.65
-1.65
-1.65
-1.65
-1.651
-1.651
-1.651
-1.651
-1.652
-1.652
-1.652
-1.653
-1.653
-1.653
-1.654
-1.654
-1.654
-1.655
-1.655
-1.656
-1.656
-1.656
-1.657
-1.657
-1.657
-1.658
-1.658
-1.658
-1.659
-1.659
-1.66
-1.66
-1.66
-1.66
-1.661
-1.661
-1.661
-1.662
-1.662
-1.662
-1.663
-1.663
-1.663
-1.663
-1.664
-1.664
-1.664
-1.664
-1.665
-1.665
-1.665
-1.665
-1.665
-1.665
-1.666
-1.666
-1.666
-1.666
-1.666
-1.666
-1.666
-1.666
-1.666
-1.667
-1.667
-1.667
-1.667
-1.667
-1.667
-1.667
-1.667
-1.667
-1.667
-1.667
-1.667
-1.666
-1.666
-1.666
-1.666
-1.666
-1.666
-1.666
-1.666
-1.666
-1.666
-1.666
-1.666
-1.665
-1.665
-1.665
-1.665
-1.665
-1.665
-1.665
-1.664
-1.664
-1.664
-1.664
-1.664
-1.664
-1.663
-1.663
-1.663
-1.663
-1.663
-1.662
-1.662
-1.662
-1.662
-1.662
-1.661
-1.661
-1.661
-1.661
-1.66
-1.66
-1.66
-1.66
-1.659
-1.659
-1.659
-1.658
-1.658
-1.658
-1.657
-1.657
-1.657
-1.656
-1.656
-1.656
-1.655
-1.655
-1.655
-1.654
-1.654
-1.654
-1.653
-1.653
-1.652
-1.652
-1.652
-1.651
-1.651
-1.65
-1.65
-1.649
-1.649
-1.649
-1.648
-1.648
-1.647
-1.647
-1.646
-1.646
-1.645
-1.645
-1.644
-1.644
-1.644
-1.644
-1.644
-1.644
-1.644
-1.644
-1.644
-1.644
-1.644
-1.645
-1.645
-1.645
-1.646
-1.646
-1.646
-1.647
-1.647
-1.648
-1.648
-1.649
-1.649
-1.65
-1.65
-1.651
-1.651
-1.652
-1.652
-1.653
-1.653
-1.653
-1.654
-1.654
-1.654
-1.654
-1.654
-1.654
-1.654
-1.654
-1.654
-1.654
-1.654
-1.654
-1.653
-1.653
-1.653
-1.652
-1.652
-1.651
-1.651
-1.65
-1.65
-1.649
-1.649
-1.648
-1.647
-1.647
-1.646
-1.645
-1.645
-1.644
-1.643
-1.642
-1.641
-1.641
-1.64
-1.639
-1.638
-1.637
-1.636
-1.635
-1.635
-1.634
-1.633
-1.632
-1.631
-1.63
-1.629
-1.628
-1.627
-1.627
-1.626
-1.625
-1.624
-1.623
-1.622
-1.621
-1.62
-1.619
-1.618
-1.618
-1.617
-1.616
-1.615
-1.614
-1.613
-1.612
-1.612
-1.611
-1.61
-1.609
-1.608
-1.608
-1.607
-1.606
-1.605
-1.604
-1.603
-1.603
-1.602
-1.601
-1.601
-1.6
-1.6
-1.599
-1.599
-1.599
-1.599
-1.599
-1.599
-1.598
-1.598
-1.598
-1.599
-1.599
-1.599
-1.599
-1.599
-1.599
-1.599
-1.599
-1.599
-1.599
-1.599
-1.599
-1.599
-1.599
-1.599
-1.599
-1.599
-1.599
-1.599
-1.599
-1.599
-1.599
-1.599
-1.599
-1.599
-1.599
-1.599
-1.599
-1.599
-1.599
-1.598
-1.598
-1.598
-1.598
-1.597
-1.597
-1.596
-1.596
-1.595
-1.595
-1.594
-1.594
-1.593
-1.593
-1.592
-1.591
-1.591
-1.591
-1.59
-1.59
-1.589
-1.589
-1.588
-1.588
-1.588
-1.588
-1.587
-1.587
-1.587
-1.587
-1.586
-1.586
-1.586
-1.586
-1.586
-1.585
-1.585
-1.585
-1.585
-1.585
-1.585
-1.585
-1.585
-1.585
-1.585
-1.585
-1.585
-1.585
-1.585
-1.585
-1.585
-1.585
-1.585
-1.585
-1.585
-1.585
-1.585
-1.585
-1.585
-1.585
-1.585
-1.585
-1.586
-1.586
-1.586
-1.586
-1.586
-1.586
-1.586
-1.587
-1.587
-1.587
-1.587
-1.587
-1.588
-1.588
-1.588
-1.589
-1.589
-1.59
-1.59
-1.591
-1.591
-1.591
-1.592
-1.592
-1.593
-1.594
-1.594
-1.595
-1.595
-1.596
-1.596
-1.597
-1.597
-1.598
-1.598
-1.599
-1.599
-1.6
-1.6
-1.601
-1.601
-1.602
-1.602
-1.603
-1.603
-1.604
-1.604
-1.604
-1.605
-1.605
-1.606
-1.606
-1.607
-1.607
-1.608
-1.608
-1.609
-1.609
-1.61
-1.61
-1.61
-1.611
-1.611
-1.611
-1.611
-1.612
-1.612
-1.612
-1.613
-1.613
-1.613
-1.614
-1.614
-1.615
-1.615
-1.616
-1.616
-1.617
-1.617
-1.618
-1.619
-1.619
-1.62
-1.62
-1.621
-1.621
-1.621
-1.622
-1.622
-1.622
-1.622
-1.622
-1.622
-1.623
-1.623
-1.623
-1.623
-1.623
-1.623
-1.623
-1.623
-1.624
-1.625
-1.625
-1.626
-1.627
-1.627
-1.628
-1.628
-1.629
-1.629
-1.63
-1.63
-1.63
-1.631
-1.631
-1.632
-1.632
-1.632
-1.633
-1.633
-1.633
-1.633
-1.633
-1.633
-1.634
-1.634
-1.634
-1.634
-1.634
-1.634
-1.634
-1.634
-1.634
-1.635
-1.635
-1.636
-1.637
-1.637
-1.638
-1.638
-1.639
-1.64
-1.641
-1.642
-1.643
-1.644
-1.646
-1.647
-1.649
-1.651
-1.653
-1.656
-1.658
-1.661
-1.664
-1.667
-1.67
-1.673
-1.677
-1.68
-1.684
-1.687
-1.691
-1.695
-1.699
-1.703
-1.707
-1.711
-1.716
-1.72
-1.724
-1.729
-1.733
-1.738
-1.742
-1.747
-1.751
-1.756
-1.761
-1.765
-1.77
-1.774
-1.779
-1.784
-1.788
-1.793
-1.797
-1.802
-1.806
-1.81
-1.815
-1.819
-1.823
-1.827
-1.831
-1.835
-1.839
-1.842
-1.846
-1.849
-1.853
-1.856
-1.859
-1.862
-1.865
-1.867
-1.87
-1.872
-1.874
-1.876
-1.878
-1.879
-1.881
-1.882
-1.883
-1.884
-1.885
-1.886
-1.886
-1.886
-1.886
-1.886
-1.886
-1.886
-1.885
-1.884
-1.883
-1.882
-1.881
-1.88
-1.878
-1.877
-1.875
-1.873
-1.87
-1.868
-1.866
-1.863
-1.86
-1.857
-1.854
-1.851
-1.848
-1.844
-1.841
-1.837
-1.833
-1.829
-1.825
-1.821
-1.816
-1.812
-1.807
-1.803
